   i      x      y
----  -----  -----
   0  0.000  1.000
   1  0.000  1.000
   2  0.001  1.001
   3  0.001  1.001
   4  0.001  1.001
   5  0.002  1.002
   6  0.002  1.002
   7  0.002  1.002
   8  0.003  1.003
   9  0.003  1.003
  10  0.003  1.003
  11  0.003  1.003
  12  0.004  1.004
  13  0.004  1.004
  14  0.004  1.004
  15  0.005  1.005
  16  0.005  1.005
  17  0.005  1.005
  18  0.006  1.006
  19  0.006  1.006
  20  0.006  1.006
  21  0.007  1.007
  22  0.007  1.007
  23  0.007  1.007
  24  0.007  1.008
  25  0.008  1.008
  26  0.008  1.008
  27  0.008  1.008
  28  0.009  1.009
  29  0.009  1.009
  30  0.009  1.009
  31  0.010  1.010
  32  0.010  1.010
  33  0.010  1.010
  34  0.011  1.011
  35  0.011  1.011
  36  0.011  1.011
  37  0.012  1.012
  38  0.012  1.012
  39  0.012  1.012
  40  0.013  1.013
  41  0.013  1.013
  42  0.013  1.013
  43  0.013  1.014
  44  0.014  1.014
  45  0.014  1.014
  46  0.014  1.014
  47  0.015  1.015
  48  0.015  1.015
  49  0.015  1.015
  50  0.016  1.016
  51  0.016  1.016
  52  0.016  1.016
  53  0.017  1.017
  54  0.017  1.017
  55  0.017  1.017
  56  0.018  1.018
  57  0.018  1.018
  58  0.018  1.018
  59  0.018  1.019
  60  0.019  1.019
  61  0.019  1.019
  62  0.019  1.020
  63  0.020  1.020
  64  0.020  1.020
  65  0.020  1.021
  66  0.021  1.021
  67  0.021  1.021
  68  0.021  1.021
  69  0.022  1.022
  70  0.022  1.022
  71  0.022  1.022
  72  0.022  1.023
  73  0.023  1.023
  74  0.023  1.023
  75  0.023  1.024
  76  0.024  1.024
  77  0.024  1.024
  78  0.024  1.025
  79  0.025  1.025
  80  0.025  1.025
  81  0.025  1.026
  82  0.026  1.026
  83  0.026  1.026
  84  0.026  1.027
  85  0.027  1.027
  86  0.027  1.027
  87  0.027  1.028
  88  0.028  1.028
  89  0.028  1.028
  90  0.028  1.029
  91  0.028  1.029
  92  0.029  1.029
  93  0.029  1.029
  94  0.029  1.030
  95  0.030  1.030
  96  0.030  1.030
  97  0.030  1.031
  98  0.031  1.031
  99  0.031  1.031
 100  0.031  1.032
 101  0.032  1.032
 102  0.032  1.032
 103  0.032  1.033
 104  0.033  1.033
 105  0.033  1.033
 106  0.033  1.034
 107  0.033  1.034
 108  0.034  1.034
 109  0.034  1.035
 110  0.034  1.035
 111  0.035  1.035
 112  0.035  1.036
 113  0.035  1.036
 114  0.036  1.036
 115  0.036  1.037
 116  0.036  1.037
 117  0.037  1.037
 118  0.037  1.038
 119  0.037  1.038
 120  0.037  1.038
 121  0.038  1.039
 122  0.038  1.039
 123  0.038  1.039
 124  0.039  1.040
 125  0.039  1.040
 126  0.039  1.040
 127  0.040  1.040
 128  0.040  1.041
 129  0.040  1.041
 130  0.041  1.041
 131  0.041  1.042
 132  0.041  1.042
 133  0.042  1.042
 134  0.042  1.043
 135  0.042  1.043
 136  0.043  1.043
 137  0.043  1.044
 138  0.043  1.044
 139  0.043  1.044
 140  0.044  1.045
 141  0.044  1.045
 142  0.044  1.045
 143  0.045  1.046
 144  0.045  1.046
 145  0.045  1.046
 146  0.046  1.047
 147  0.046  1.047
 148  0.046  1.047
 149  0.047  1.048
 150  0.047  1.048
 151  0.047  1.048
 152  0.048  1.049
 153  0.048  1.049
 154  0.048  1.049
 155  0.048  1.050
 156  0.049  1.050
 157  0.049  1.050
 158  0.049  1.051
 159  0.050  1.051
 160  0.050  1.051
 161  0.050  1.052
 162  0.051  1.052
 163  0.051  1.052
 164  0.051  1.053
 165  0.052  1.053
 166  0.052  1.053
 167  0.052  1.054
 168  0.052  1.054
 169  0.053  1.054
 170  0.053  1.055
 171  0.053  1.055
 172  0.054  1.055
 173  0.054  1.056
 174  0.054  1.056
 175  0.055  1.056
 176  0.055  1.057
 177  0.055  1.057
 178  0.056  1.057
 179  0.056  1.058
 180  0.056  1.058
 181  0.057  1.058
 182  0.057  1.059
 183  0.057  1.059
 184  0.058  1.059
 185  0.058  1.060
 186  0.058  1.060
 187  0.058  1.060
 188  0.059  1.061
 189  0.059  1.061
 190  0.059  1.061
 191  0.060  1.061
 192  0.060  1.062
 193  0.060  1.062
 194  0.061  1.062
 195  0.061  1.063
 196  0.061  1.063
 197  0.062  1.063
 198  0.062  1.064
 199  0.062  1.064
 200  0.062  1.064
 201  0.063  1.065
 202  0.063  1.065
 203  0.063  1.065
 204  0.064  1.066
 205  0.064  1.066
 206  0.064  1.066
 207  0.065  1.067
 208  0.065  1.067
 209  0.065  1.067
 210  0.066  1.068
 211  0.066  1.068
 212  0.066  1.068
 213  0.067  1.069
 214  0.067  1.069
 215  0.067  1.069
 216  0.068  1.070
 217  0.068  1.070
 218  0.068  1.070
 219  0.068  1.071
 220  0.069  1.071
 221  0.069  1.071
 222  0.069  1.072
 223  0.070  1.072
 224  0.070  1.072
 225  0.070  1.073
 226  0.071  1.073
 227  0.071  1.074
 228  0.071  1.074
 229  0.072  1.074
 230  0.072  1.075
 231  0.072  1.075
 232  0.072  1.075
 233  0.073  1.076
 234  0.073  1.076
 235  0.073  1.076
 236  0.074  1.077
 237  0.074  1.077
 238  0.074  1.077
 239  0.075  1.078
 240  0.075  1.078
 241  0.075  1.078
 242  0.076  1.079
 243  0.076  1.079
 244  0.076  1.079
 245  0.077  1.080
 246  0.077  1.080
 247  0.077  1.080
 248  0.077  1.081
 249  0.078  1.081
 250  0.078  1.081
 251  0.078  1.082
 252  0.079  1.082
 253  0.079  1.082
 254  0.079  1.083
 255  0.080  1.083
 256  0.080  1.083
 257  0.080  1.084
 258  0.081  1.084
 259  0.081  1.084
 260  0.081  1.085
 261  0.082  1.085
 262  0.082  1.085
 263  0.082  1.086
 264  0.083  1.086
 265  0.083  1.086
 266  0.083  1.087
 267  0.083  1.087
 268  0.084  1.087
 269  0.084  1.088
 270  0.084  1.088
 271  0.085  1.088
 272  0.085  1.089
 273  0.085  1.089
 274  0.086  1.089
 275  0.086  1.090
 276  0.086  1.090
 277  0.087  1.090
 278  0.087  1.091
 279  0.087  1.091
 280  0.088  1.091
 281  0.088  1.092
 282  0.088  1.092
 283  0.088  1.092
 284  0.089  1.093
 285  0.089  1.093
 286  0.089  1.093
 287  0.090  1.094
 288  0.090  1.094
 289  0.090  1.095
 290  0.091  1.095
 291  0.091  1.095
 292  0.091  1.096
 293  0.092  1.096
 294  0.092  1.096
 295  0.092  1.097
 296  0.092  1.097
 297  0.093  1.097
 298  0.093  1.098
 299  0.093  1.098
 300  0.094  1.098
 301  0.094  1.099
 302  0.094  1.099
 303  0.095  1.099
 304  0.095  1.100
 305  0.095  1.100
 306  0.096  1.100
 307  0.096  1.101
 308  0.096  1.101
 309  0.097  1.101
 310  0.097  1.102
 311  0.097  1.102
 312  0.098  1.102
 313  0.098  1.103
 314  0.098  1.103
 315  0.098  1.103
 316  0.099  1.104
 317  0.099  1.104
 318  0.099  1.104
 319  0.100  1.105
 320  0.100  1.105
 321  0.100  1.105
 322  0.101  1.106
 323  0.101  1.106
 324  0.101  1.107
 325  0.102  1.107
 326  0.102  1.107
 327  0.102  1.108
 328  0.103  1.108
 329  0.103  1.108
 330  0.103  1.109
 331  0.103  1.109
 332  0.104  1.109
 333  0.104  1.110
 334  0.104  1.110
 335  0.105  1.110
 336  0.105  1.111
 337  0.105  1.111
 338  0.106  1.111
 339  0.106  1.112
 340  0.106  1.112
 341  0.107  1.112
 342  0.107  1.113
 343  0.107  1.113
 344  0.107  1.113
 345  0.108  1.114
 346  0.108  1.114
 347  0.108  1.115
 348  0.109  1.115
 349  0.109  1.115
 350  0.109  1.116
 351  0.110  1.116
 352  0.110  1.116
 353  0.110  1.117
 354  0.111  1.117
 355  0.111  1.117
 356  0.111  1.118
 357  0.112  1.118
 358  0.112  1.118
 359  0.112  1.119
 360  0.113  1.119
 361  0.113  1.119
 362  0.113  1.120
 363  0.113  1.120
 364  0.114  1.120
 365  0.114  1.121
 366  0.114  1.121
 367  0.115  1.122
 368  0.115  1.122
 369  0.115  1.122
 370  0.116  1.123
 371  0.116  1.123
 372  0.116  1.123
 373  0.117  1.124
 374  0.117  1.124
 375  0.117  1.124
 376  0.118  1.125
 377  0.118  1.125
 378  0.118  1.125
 379  0.118  1.126
 380  0.119  1.126
 381  0.119  1.126
 382  0.119  1.127
 383  0.120  1.127
 384  0.120  1.127
 385  0.120  1.128
 386  0.121  1.128
 387  0.121  1.129
 388  0.121  1.129
 389  0.122  1.129
 390  0.122  1.130
 391  0.122  1.130
 392  0.122  1.130
 393  0.123  1.131
 394  0.123  1.131
 395  0.123  1.131
 396  0.124  1.132
 397  0.124  1.132
 398  0.124  1.132
 399  0.125  1.133
 400  0.125  1.133
 401  0.125  1.133
 402  0.126  1.134
 403  0.126  1.134
 404  0.126  1.135
 405  0.127  1.135
 406  0.127  1.135
 407  0.127  1.136
 408  0.128  1.136
 409  0.128  1.136
 410  0.128  1.137
 411  0.128  1.137
 412  0.129  1.137
 413  0.129  1.138
 414  0.129  1.138
 415  0.130  1.138
 416  0.130  1.139
 417  0.130  1.139
 418  0.131  1.140
 419  0.131  1.140
 420  0.131  1.140
 421  0.132  1.141
 422  0.132  1.141
 423  0.132  1.141
 424  0.133  1.142
 425  0.133  1.142
 426  0.133  1.142
 427  0.133  1.143
 428  0.134  1.143
 429  0.134  1.143
 430  0.134  1.144
 431  0.135  1.144
 432  0.135  1.145
 433  0.135  1.145
 434  0.136  1.145
 435  0.136  1.146
 436  0.136  1.146
 437  0.137  1.146
 438  0.137  1.147
 439  0.137  1.147
 440  0.138  1.147
 441  0.138  1.148
 442  0.138  1.148
 443  0.138  1.148
 444  0.139  1.149
 445  0.139  1.149
 446  0.139  1.150
 447  0.140  1.150
 448  0.140  1.150
 449  0.140  1.151
 450  0.141  1.151
 451  0.141  1.151
 452  0.141  1.152
 453  0.142  1.152
 454  0.142  1.152
 455  0.142  1.153
 456  0.143  1.153
 457  0.143  1.153
 458  0.143  1.154
 459  0.143  1.154
 460  0.144  1.155
 461  0.144  1.155
 462  0.144  1.155
 463  0.145  1.156
 464  0.145  1.156
 465  0.145  1.156
 466  0.146  1.157
 467  0.146  1.157
 468  0.146  1.157
 469  0.147  1.158
 470  0.147  1.158
 471  0.147  1.159
 472  0.147  1.159
 473  0.148  1.159
 474  0.148  1.160
 475  0.148  1.160
 476  0.149  1.160
 477  0.149  1.161
 478  0.149  1.161
 479  0.150  1.161
 480  0.150  1.162
 481  0.150  1.162
 482  0.151  1.163
 483  0.151  1.163
 484  0.151  1.163
 485  0.152  1.164
 486  0.152  1.164
 487  0.152  1.164
 488  0.152  1.165
 489  0.153  1.165
 490  0.153  1.165
 491  0.153  1.166
 492  0.154  1.166
 493  0.154  1.167
 494  0.154  1.167
 495  0.155  1.167
 496  0.155  1.168
 497  0.155  1.168
 498  0.156  1.168
 499  0.156  1.169
 500  0.156  1.169
 501  0.157  1.169
 502  0.157  1.170
 503  0.157  1.170
 504  0.158  1.171
 505  0.158  1.171
 506  0.158  1.171
 507  0.158  1.172
 508  0.159  1.172
 509  0.159  1.172
 510  0.159  1.173
 511  0.160  1.173
 512  0.160  1.173
 513  0.160  1.174
 514  0.161  1.174
 515  0.161  1.175
 516  0.161  1.175
 517  0.162  1.175
 518  0.162  1.176
 519  0.162  1.176
 520  0.163  1.176
 521  0.163  1.177
 522  0.163  1.177
 523  0.163  1.178
 524  0.164  1.178
 525  0.164  1.178
 526  0.164  1.179
 527  0.165  1.179
 528  0.165  1.179
 529  0.165  1.180
 530  0.166  1.180
 531  0.166  1.180
 532  0.166  1.181
 533  0.167  1.181
 534  0.167  1.182
 535  0.167  1.182
 536  0.168  1.182
 537  0.168  1.183
 538  0.168  1.183
 539  0.168  1.183
 540  0.169  1.184
 541  0.169  1.184
 542  0.169  1.185
 543  0.170  1.185
 544  0.170  1.185
 545  0.170  1.186
 546  0.171  1.186
 547  0.171  1.186
 548  0.171  1.187
 549  0.172  1.187
 550  0.172  1.187
 551  0.172  1.188
 552  0.173  1.188
 553  0.173  1.189
 554  0.173  1.189
 555  0.173  1.189
 556  0.174  1.190
 557  0.174  1.190
 558  0.174  1.190
 559  0.175  1.191
 560  0.175  1.191
 561  0.175  1.192
 562  0.176  1.192
 563  0.176  1.192
 564  0.176  1.193
 565  0.177  1.193
 566  0.177  1.193
 567  0.177  1.194
 568  0.177  1.194
 569  0.178  1.195
 570  0.178  1.195
 571  0.178  1.195
 572  0.179  1.196
 573  0.179  1.196
 574  0.179  1.196
 575  0.180  1.197
 576  0.180  1.197
 577  0.180  1.198
 578  0.181  1.198
 579  0.181  1.198
 580  0.181  1.199
 581  0.182  1.199
 582  0.182  1.199
 583  0.182  1.200
 584  0.182  1.200
 585  0.183  1.201
 586  0.183  1.201
 587  0.183  1.201
 588  0.184  1.202
 589  0.184  1.202
 590  0.184  1.202
 591  0.185  1.203
 592  0.185  1.203
 593  0.185  1.204
 594  0.186  1.204
 595  0.186  1.204
 596  0.186  1.205
 597  0.187  1.205
 598  0.187  1.205
 599  0.187  1.206
 600  0.188  1.206
 601  0.188  1.207
 602  0.188  1.207
 603  0.188  1.207
 604  0.189  1.208
 605  0.189  1.208
 606  0.189  1.208
 607  0.190  1.209
 608  0.190  1.209
 609  0.190  1.210
 610  0.191  1.210
 611  0.191  1.210
 612  0.191  1.211
 613  0.192  1.211
 614  0.192  1.211
 615  0.192  1.212
 616  0.193  1.212
 617  0.193  1.213
 618  0.193  1.213
 619  0.193  1.213
 620  0.194  1.214
 621  0.194  1.214
 622  0.194  1.215
 623  0.195  1.215
 624  0.195  1.215
 625  0.195  1.216
 626  0.196  1.216
 627  0.196  1.216
 628  0.196  1.217
 629  0.197  1.217
 630  0.197  1.218
 631  0.197  1.218
 632  0.198  1.218
 633  0.198  1.219
 634  0.198  1.219
 635  0.198  1.219
 636  0.199  1.220
 637  0.199  1.220
 638  0.199  1.221
 639  0.200  1.221
 640  0.200  1.221
 641  0.200  1.222
 642  0.201  1.222
 643  0.201  1.223
 644  0.201  1.223
 645  0.202  1.223
 646  0.202  1.224
 647  0.202  1.224
 648  0.203  1.224
 649  0.203  1.225
 650  0.203  1.225
 651  0.203  1.226
 652  0.204  1.226
 653  0.204  1.226
 654  0.204  1.227
 655  0.205  1.227
 656  0.205  1.227
 657  0.205  1.228
 658  0.206  1.228
 659  0.206  1.229
 660  0.206  1.229
 661  0.207  1.229
 662  0.207  1.230
 663  0.207  1.230
 664  0.208  1.231
 665  0.208  1.231
 666  0.208  1.231
 667  0.208  1.232
 668  0.209  1.232
 669  0.209  1.232
 670  0.209  1.233
 671  0.210  1.233
 672  0.210  1.234
 673  0.210  1.234
 674  0.211  1.234
 675  0.211  1.235
 676  0.211  1.235
 677  0.212  1.236
 678  0.212  1.236
 679  0.212  1.236
 680  0.212  1.237
 681  0.213  1.237
 682  0.213  1.237
 683  0.213  1.238
 684  0.214  1.238
 685  0.214  1.239
 686  0.214  1.239
 687  0.215  1.239
 688  0.215  1.240
 689  0.215  1.240
 690  0.216  1.241
 691  0.216  1.241
 692  0.216  1.241
 693  0.217  1.242
 694  0.217  1.242
 695  0.217  1.243
 696  0.217  1.243
 697  0.218  1.243
 698  0.218  1.244
 699  0.218  1.244
 700  0.219  1.244
 701  0.219  1.245
 702  0.219  1.245
 703  0.220  1.246
 704  0.220  1.246
 705  0.220  1.246
 706  0.221  1.247
 707  0.221  1.247
 708  0.221  1.248
 709  0.222  1.248
 710  0.222  1.248
 711  0.222  1.249
 712  0.223  1.249
 713  0.223  1.250
 714  0.223  1.250
 715  0.223  1.250
 716  0.224  1.251
 717  0.224  1.251
 718  0.224  1.251
 719  0.225  1.252
 720  0.225  1.252
 721  0.225  1.253
 722  0.226  1.253
 723  0.226  1.253
 724  0.226  1.254
 725  0.227  1.254
 726  0.227  1.255
 727  0.227  1.255
 728  0.228  1.255
 729  0.228  1.256
 730  0.228  1.256
 731  0.228  1.257
 732  0.229  1.257
 733  0.229  1.257
 734  0.229  1.258
 735  0.230  1.258
 736  0.230  1.259
 737  0.230  1.259
 738  0.231  1.259
 739  0.231  1.260
 740  0.231  1.260
 741  0.232  1.261
 742  0.232  1.261
 743  0.232  1.261
 744  0.233  1.262
 745  0.233  1.262
 746  0.233  1.262
 747  0.233  1.263
 748  0.234  1.263
 749  0.234  1.264
 750  0.234  1.264
 751  0.235  1.264
 752  0.235  1.265
 753  0.235  1.265
 754  0.236  1.266
 755  0.236  1.266
 756  0.236  1.266
 757  0.237  1.267
 758  0.237  1.267
 759  0.237  1.268
 760  0.238  1.268
 761  0.238  1.268
 762  0.238  1.269
 763  0.238  1.269
 764  0.239  1.270
 765  0.239  1.270
 766  0.239  1.270
 767  0.240  1.271
 768  0.240  1.271
 769  0.240  1.272
 770  0.241  1.272
 771  0.241  1.272
 772  0.241  1.273
 773  0.242  1.273
 774  0.242  1.274
 775  0.242  1.274
 776  0.242  1.274
 777  0.243  1.275
 778  0.243  1.275
 779  0.243  1.276
 780  0.244  1.276
 781  0.244  1.276
 782  0.244  1.277
 783  0.245  1.277
 784  0.245  1.278
 785  0.245  1.278
 786  0.246  1.278
 787  0.246  1.279
 788  0.246  1.279
 789  0.247  1.280
 790  0.247  1.280
 791  0.247  1.280
 792  0.247  1.281
 793  0.248  1.281
 794  0.248  1.282
 795  0.248  1.282
 796  0.249  1.282
 797  0.249  1.283
 798  0.249  1.283
 799  0.250  1.284
 800  0.250  1.284
 801  0.250  1.284
 802  0.251  1.285
 803  0.251  1.285
 804  0.251  1.286
 805  0.252  1.286
 806  0.252  1.286
 807  0.252  1.287
 808  0.253  1.287
 809  0.253  1.288
 810  0.253  1.288
 811  0.253  1.288
 812  0.254  1.289
 813  0.254  1.289
 814  0.254  1.290
 815  0.255  1.290
 816  0.255  1.290
 817  0.255  1.291
 818  0.256  1.291
 819  0.256  1.292
 820  0.256  1.292
 821  0.257  1.292
 822  0.257  1.293
 823  0.257  1.293
 824  0.258  1.294
 825  0.258  1.294
 826  0.258  1.294
 827  0.258  1.295
 828  0.259  1.295
 829  0.259  1.296
 830  0.259  1.296
 831  0.260  1.296
 832  0.260  1.297
 833  0.260  1.297
 834  0.261  1.298
 835  0.261  1.298
 836  0.261  1.299
 837  0.262  1.299
 838  0.262  1.299
 839  0.262  1.300
 840  0.263  1.300
 841  0.263  1.301
 842  0.263  1.301
 843  0.263  1.301
 844  0.264  1.302
 845  0.264  1.302
 846  0.264  1.303
 847  0.265  1.303
 848  0.265  1.303
 849  0.265  1.304
 850  0.266  1.304
 851  0.266  1.305
 852  0.266  1.305
 853  0.267  1.305
 854  0.267  1.306
 855  0.267  1.306
 856  0.268  1.307
 857  0.268  1.307
 858  0.268  1.307
 859  0.268  1.308
 860  0.269  1.308
 861  0.269  1.309
 862  0.269  1.309
 863  0.270  1.310
 864  0.270  1.310
 865  0.270  1.310
 866  0.271  1.311
 867  0.271  1.311
 868  0.271  1.312
 869  0.272  1.312
 870  0.272  1.312
 871  0.272  1.313
 872  0.273  1.313
 873  0.273  1.314
 874  0.273  1.314
 875  0.273  1.314
 876  0.274  1.315
 877  0.274  1.315
 878  0.274  1.316
 879  0.275  1.316
 880  0.275  1.316
 881  0.275  1.317
 882  0.276  1.317
 883  0.276  1.318
 884  0.276  1.318
 885  0.277  1.319
 886  0.277  1.319
 887  0.277  1.319
 888  0.278  1.320
 889  0.278  1.320
 890  0.278  1.321
 891  0.278  1.321
 892  0.279  1.321
 893  0.279  1.322
 894  0.279  1.322
 895  0.280  1.323
 896  0.280  1.323
 897  0.280  1.323
 898  0.281  1.324
 899  0.281  1.324
 900  0.281  1.325
 901  0.282  1.325
 902  0.282  1.326
 903  0.282  1.326
 904  0.283  1.326
 905  0.283  1.327
 906  0.283  1.327
 907  0.283  1.328
 908  0.284  1.328
 909  0.284  1.328
 910  0.284  1.329
 911  0.285  1.329
 912  0.285  1.330
 913  0.285  1.330
 914  0.286  1.331
 915  0.286  1.331
 916  0.286  1.331
 917  0.287  1.332
 918  0.287  1.332
 919  0.287  1.333
 920  0.288  1.333
 921  0.288  1.333
 922  0.288  1.334
 923  0.288  1.334
 924  0.289  1.335
 925  0.289  1.335
 926  0.289  1.336
 927  0.290  1.336
 928  0.290  1.336
 929  0.290  1.337
 930  0.291  1.337
 931  0.291  1.338
 932  0.291  1.338
 933  0.292  1.338
 934  0.292  1.339
 935  0.292  1.339
 936  0.292  1.340
 937  0.293  1.340
 938  0.293  1.341
 939  0.293  1.341
 940  0.294  1.341
 941  0.294  1.342
 942  0.294  1.342
 943  0.295  1.343
 944  0.295  1.343
 945  0.295  1.343
 946  0.296  1.344
 947  0.296  1.344
 948  0.296  1.345
 949  0.297  1.345
 950  0.297  1.346
 951  0.297  1.346
 952  0.297  1.346
 953  0.298  1.347
 954  0.298  1.347
 955  0.298  1.348
 956  0.299  1.348
 957  0.299  1.349
 958  0.299  1.349
 959  0.300  1.349
 960  0.300  1.350
 961  0.300  1.350
 962  0.301  1.351
 963  0.301  1.351
 964  0.301  1.351
 965  0.302  1.352
 966  0.302  1.352
 967  0.302  1.353
 968  0.302  1.353
 969  0.303  1.354
 970  0.303  1.354
 971  0.303  1.354
 972  0.304  1.355
 973  0.304  1.355
 974  0.304  1.356
 975  0.305  1.356
 976  0.305  1.357
 977  0.305  1.357
 978  0.306  1.357
 979  0.306  1.358
 980  0.306  1.358
 981  0.307  1.359
 982  0.307  1.359
 983  0.307  1.360
 984  0.307  1.360
 985  0.308  1.360
 986  0.308  1.361
 987  0.308  1.361
 988  0.309  1.362
 989  0.309  1.362
 990  0.309  1.363
 991  0.310  1.363
 992  0.310  1.363
 993  0.310  1.364
 994  0.311  1.364
 995  0.311  1.365
 996  0.311  1.365
 997  0.312  1.365
 998  0.312  1.366
 999  0.312  1.366
1000  0.312  1.367
1001  0.313  1.367
1002  0.313  1.368
1003  0.313  1.368
1004  0.314  1.368
1005  0.314  1.369
1006  0.314  1.369
1007  0.315  1.370
1008  0.315  1.370
1009  0.315  1.371
1010  0.316  1.371
1011  0.316  1.371
1012  0.316  1.372
1013  0.317  1.372
1014  0.317  1.373
1015  0.317  1.373
1016  0.318  1.374
1017  0.318  1.374
1018  0.318  1.374
1019  0.318  1.375
1020  0.319  1.375
1021  0.319  1.376
1022  0.319  1.376
1023  0.320  1.377
1024  0.320  1.377
1025  0.320  1.377
1026  0.321  1.378
1027  0.321  1.378
1028  0.321  1.379
1029  0.322  1.379
1030  0.322  1.380
1031  0.322  1.380
1032  0.323  1.381
1033  0.323  1.381
1034  0.323  1.381
1035  0.323  1.382
1036  0.324  1.382
1037  0.324  1.383
1038  0.324  1.383
1039  0.325  1.384
1040  0.325  1.384
1041  0.325  1.384
1042  0.326  1.385
1043  0.326  1.385
1044  0.326  1.386
1045  0.327  1.386
1046  0.327  1.387
1047  0.327  1.387
1048  0.328  1.387
1049  0.328  1.388
1050  0.328  1.388
1051  0.328  1.389
1052  0.329  1.389
1053  0.329  1.390
1054  0.329  1.390
1055  0.330  1.390
1056  0.330  1.391
1057  0.330  1.391
1058  0.331  1.392
1059  0.331  1.392
1060  0.331  1.393
1061  0.332  1.393
1062  0.332  1.394
1063  0.332  1.394
1064  0.333  1.394
1065  0.333  1.395
1066  0.333  1.395
1067  0.333  1.396
1068  0.334  1.396
1069  0.334  1.397
1070  0.334  1.397
1071  0.335  1.397
1072  0.335  1.398
1073  0.335  1.398
1074  0.336  1.399
1075  0.336  1.399
1076  0.336  1.400
1077  0.337  1.400
1078  0.337  1.400
1079  0.337  1.401
1080  0.338  1.401
1081  0.338  1.402
1082  0.338  1.402
1083  0.338  1.403
1084  0.339  1.403
1085  0.339  1.404
1086  0.339  1.404
1087  0.340  1.404
1088  0.340  1.405
1089  0.340  1.405
1090  0.341  1.406
1091  0.341  1.406
1092  0.341  1.407
1093  0.342  1.407
1094  0.342  1.408
1095  0.342  1.408
1096  0.343  1.408
1097  0.343  1.409
1098  0.343  1.409
1099  0.343  1.410
1100  0.344  1.410
1101  0.344  1.411
1102  0.344  1.411
1103  0.345  1.411
1104  0.345  1.412
1105  0.345  1.412
1106  0.346  1.413
1107  0.346  1.413
1108  0.346  1.414
1109  0.347  1.414
1110  0.347  1.415
1111  0.347  1.415
1112  0.348  1.415
1113  0.348  1.416
1114  0.348  1.416
1115  0.348  1.417
1116  0.349  1.417
1117  0.349  1.418
1118  0.349  1.418
1119  0.350  1.419
1120  0.350  1.419
1121  0.350  1.419
1122  0.351  1.420
1123  0.351  1.420
1124  0.351  1.421
1125  0.352  1.421
1126  0.352  1.422
1127  0.352  1.422
1128  0.352  1.423
1129  0.353  1.423
1130  0.353  1.423
1131  0.353  1.424
1132  0.354  1.424
1133  0.354  1.425
1134  0.354  1.425
1135  0.355  1.426
1136  0.355  1.426
1137  0.355  1.427
1138  0.356  1.427
1139  0.356  1.427
1140  0.356  1.428
1141  0.357  1.428
1142  0.357  1.429
1143  0.357  1.429
1144  0.357  1.430
1145  0.358  1.430
1146  0.358  1.431
1147  0.358  1.431
1148  0.359  1.431
1149  0.359  1.432
1150  0.359  1.432
1151  0.360  1.433
1152  0.360  1.433
1153  0.360  1.434
1154  0.361  1.434
1155  0.361  1.435
1156  0.361  1.435
1157  0.362  1.435
1158  0.362  1.436
1159  0.362  1.436
1160  0.362  1.437
1161  0.363  1.437
1162  0.363  1.438
1163  0.363  1.438
1164  0.364  1.439
1165  0.364  1.439
1166  0.364  1.440
1167  0.365  1.440
1168  0.365  1.440
1169  0.365  1.441
1170  0.366  1.441
1171  0.366  1.442
1172  0.366  1.442
1173  0.367  1.443
1174  0.367  1.443
1175  0.367  1.444
1176  0.367  1.444
1177  0.368  1.444
1178  0.368  1.445
1179  0.368  1.445
1180  0.369  1.446
1181  0.369  1.446
1182  0.369  1.447
1183  0.370  1.447
1184  0.370  1.448
1185  0.370  1.448
1186  0.371  1.449
1187  0.371  1.449
1188  0.371  1.449
1189  0.372  1.450
1190  0.372  1.450
1191  0.372  1.451
1192  0.372  1.451
1193  0.373  1.452
1194  0.373  1.452
1195  0.373  1.453
1196  0.374  1.453
1197  0.374  1.454
1198  0.374  1.454
1199  0.375  1.454
1200  0.375  1.455
1201  0.375  1.455
1202  0.376  1.456
1203  0.376  1.456
1204  0.376  1.457
1205  0.377  1.457
1206  0.377  1.458
1207  0.377  1.458
1208  0.378  1.459
1209  0.378  1.459
1210  0.378  1.459
1211  0.378  1.460
1212  0.379  1.460
1213  0.379  1.461
1214  0.379  1.461
1215  0.380  1.462
1216  0.380  1.462
1217  0.380  1.463
1218  0.381  1.463
1219  0.381  1.464
1220  0.381  1.464
1221  0.382  1.464
1222  0.382  1.465
1223  0.382  1.465
1224  0.383  1.466
1225  0.383  1.466
1226  0.383  1.467
1227  0.383  1.467
1228  0.384  1.468
1229  0.384  1.468
1230  0.384  1.469
1231  0.385  1.469
1232  0.385  1.470
1233  0.385  1.470
1234  0.386  1.470
1235  0.386  1.471
1236  0.386  1.471
1237  0.387  1.472
1238  0.387  1.472
1239  0.387  1.473
1240  0.388  1.473
1241  0.388  1.474
1242  0.388  1.474
1243  0.388  1.475
1244  0.389  1.475
1245  0.389  1.476
1246  0.389  1.476
1247  0.390  1.476
1248  0.390  1.477
1249  0.390  1.477
1250  0.391  1.478
1251  0.391  1.478
1252  0.391  1.479
1253  0.392  1.479
1254  0.392  1.480
1255  0.392  1.480
1256  0.393  1.481
1257  0.393  1.481
1258  0.393  1.482
1259  0.393  1.482
1260  0.394  1.482
1261  0.394  1.483
1262  0.394  1.483
1263  0.395  1.484
1264  0.395  1.484
1265  0.395  1.485
1266  0.396  1.485
1267  0.396  1.486
1268  0.396  1.486
1269  0.397  1.487
1270  0.397  1.487
1271  0.397  1.488
1272  0.398  1.488
1273  0.398  1.488
1274  0.398  1.489
1275  0.398  1.489
1276  0.399  1.490
1277  0.399  1.490
1278  0.399  1.491
1279  0.400  1.491
1280  0.400  1.492
1281  0.400  1.492
1282  0.401  1.493
1283  0.401  1.493
1284  0.401  1.494
1285  0.402  1.494
1286  0.402  1.495
1287  0.402  1.495
1288  0.403  1.495
1289  0.403  1.496
1290  0.403  1.496
1291  0.403  1.497
1292  0.404  1.497
1293  0.404  1.498
1294  0.404  1.498
1295  0.405  1.499
1296  0.405  1.499
1297  0.405  1.500
1298  0.406  1.500
1299  0.406  1.501
1300  0.406  1.501
1301  0.407  1.502
1302  0.407  1.502
1303  0.407  1.502
1304  0.408  1.503
1305  0.408  1.503
1306  0.408  1.504
1307  0.408  1.504
1308  0.409  1.505
1309  0.409  1.505
1310  0.409  1.506
1311  0.410  1.506
1312  0.410  1.507
1313  0.410  1.507
1314  0.411  1.508
1315  0.411  1.508
1316  0.411  1.509
1317  0.412  1.509
1318  0.412  1.510
1319  0.412  1.510
1320  0.413  1.510
1321  0.413  1.511
1322  0.413  1.511
1323  0.413  1.512
1324  0.414  1.512
1325  0.414  1.513
1326  0.414  1.513
1327  0.415  1.514
1328  0.415  1.514
1329  0.415  1.515
1330  0.416  1.515
1331  0.416  1.516
1332  0.416  1.516
1333  0.417  1.517
1334  0.417  1.517
1335  0.417  1.518
1336  0.417  1.518
1337  0.418  1.519
1338  0.418  1.519
1339  0.418  1.519
1340  0.419  1.520
1341  0.419  1.520
1342  0.419  1.521
1343  0.420  1.521
1344  0.420  1.522
1345  0.420  1.522
1346  0.421  1.523
1347  0.421  1.523
1348  0.421  1.524
1349  0.422  1.524
1350  0.422  1.525
1351  0.422  1.525
1352  0.422  1.526
1353  0.423  1.526
1354  0.423  1.527
1355  0.423  1.527
1356  0.424  1.528
1357  0.424  1.528
1358  0.424  1.529
1359  0.425  1.529
1360  0.425  1.529
1361  0.425  1.530
1362  0.426  1.530
1363  0.426  1.531
1364  0.426  1.531
1365  0.427  1.532
1366  0.427  1.532
1367  0.427  1.533
1368  0.427  1.533
1369  0.428  1.534
1370  0.428  1.534
1371  0.428  1.535
1372  0.429  1.535
1373  0.429  1.536
1374  0.429  1.536
1375  0.430  1.537
1376  0.430  1.537
1377  0.430  1.538
1378  0.431  1.538
1379  0.431  1.539
1380  0.431  1.539
1381  0.432  1.540
1382  0.432  1.540
1383  0.432  1.541
1384  0.432  1.541
1385  0.433  1.541
1386  0.433  1.542
1387  0.433  1.542
1388  0.434  1.543
1389  0.434  1.543
1390  0.434  1.544
1391  0.435  1.544
1392  0.435  1.545
1393  0.435  1.545
1394  0.436  1.546
1395  0.436  1.546
1396  0.436  1.547
1397  0.437  1.547
1398  0.437  1.548
1399  0.437  1.548
1400  0.438  1.549
1401  0.438  1.549
1402  0.438  1.550
1403  0.438  1.550
1404  0.439  1.551
1405  0.439  1.551
1406  0.439  1.552
1407  0.440  1.552
1408  0.440  1.553
1409  0.440  1.553
1410  0.441  1.554
1411  0.441  1.554
1412  0.441  1.555
1413  0.442  1.555
1414  0.442  1.556
1415  0.442  1.556
1416  0.443  1.556
1417  0.443  1.557
1418  0.443  1.557
1419  0.443  1.558
1420  0.444  1.558
1421  0.444  1.559
1422  0.444  1.559
1423  0.445  1.560
1424  0.445  1.560
1425  0.445  1.561
1426  0.446  1.561
1427  0.446  1.562
1428  0.446  1.562
1429  0.447  1.563
1430  0.447  1.563
1431  0.447  1.564
1432  0.448  1.564
1433  0.448  1.565
1434  0.448  1.565
1435  0.448  1.566
1436  0.449  1.566
1437  0.449  1.567
1438  0.449  1.567
1439  0.450  1.568
1440  0.450  1.568
1441  0.450  1.569
1442  0.451  1.569
1443  0.451  1.570
1444  0.451  1.570
1445  0.452  1.571
1446  0.452  1.571
1447  0.452  1.572
1448  0.453  1.572
1449  0.453  1.573
1450  0.453  1.573
1451  0.453  1.574
1452  0.454  1.574
1453  0.454  1.575
1454  0.454  1.575
1455  0.455  1.576
1456  0.455  1.576
1457  0.455  1.577
1458  0.456  1.577
1459  0.456  1.578
1460  0.456  1.578
1461  0.457  1.579
1462  0.457  1.579
1463  0.457  1.580
1464  0.458  1.580
1465  0.458  1.581
1466  0.458  1.581
1467  0.458  1.581
1468  0.459  1.582
1469  0.459  1.582
1470  0.459  1.583
1471  0.460  1.583
1472  0.460  1.584
1473  0.460  1.584
1474  0.461  1.585
1475  0.461  1.585
1476  0.461  1.586
1477  0.462  1.586
1478  0.462  1.587
1479  0.462  1.587
1480  0.463  1.588
1481  0.463  1.588
1482  0.463  1.589
1483  0.463  1.589
1484  0.464  1.590
1485  0.464  1.590
1486  0.464  1.591
1487  0.465  1.591
1488  0.465  1.592
1489  0.465  1.592
1490  0.466  1.593
1491  0.466  1.593
1492  0.466  1.594
1493  0.467  1.594
1494  0.467  1.595
1495  0.467  1.595
1496  0.468  1.596
1497  0.468  1.596
1498  0.468  1.597
1499  0.468  1.597
1500  0.469  1.598
1501  0.469  1.598
1502  0.469  1.599
1503  0.470  1.599
1504  0.470  1.600
1505  0.470  1.600
1506  0.471  1.601
1507  0.471  1.601
1508  0.471  1.602
1509  0.472  1.602
1510  0.472  1.603
1511  0.472  1.603
1512  0.473  1.604
1513  0.473  1.604
1514  0.473  1.605
1515  0.473  1.605
1516  0.474  1.606
1517  0.474  1.606
1518  0.474  1.607
1519  0.475  1.607
1520  0.475  1.608
1521  0.475  1.608
1522  0.476  1.609
1523  0.476  1.609
1524  0.476  1.610
1525  0.477  1.610
1526  0.477  1.611
1527  0.477  1.611
1528  0.478  1.612
1529  0.478  1.612
1530  0.478  1.613
1531  0.478  1.613
1532  0.479  1.614
1533  0.479  1.614
1534  0.479  1.615
1535  0.480  1.615
1536  0.480  1.616
1537  0.480  1.616
1538  0.481  1.617
1539  0.481  1.617
1540  0.481  1.618
1541  0.482  1.618
1542  0.482  1.619
1543  0.482  1.619
1544  0.482  1.620
1545  0.483  1.621
1546  0.483  1.621
1547  0.483  1.622
1548  0.484  1.622
1549  0.484  1.623
1550  0.484  1.623
1551  0.485  1.624
1552  0.485  1.624
1553  0.485  1.625
1554  0.486  1.625
1555  0.486  1.626
1556  0.486  1.626
1557  0.487  1.627
1558  0.487  1.627
1559  0.487  1.628
1560  0.487  1.628
1561  0.488  1.629
1562  0.488  1.629
1563  0.488  1.630
1564  0.489  1.630
1565  0.489  1.631
1566  0.489  1.631
1567  0.490  1.632
1568  0.490  1.632
1569  0.490  1.633
1570  0.491  1.633
1571  0.491  1.634
1572  0.491  1.634
1573  0.492  1.635
1574  0.492  1.635
1575  0.492  1.636
1576  0.492  1.636
1577  0.493  1.637
1578  0.493  1.637
1579  0.493  1.638
1580  0.494  1.638
1581  0.494  1.639
1582  0.494  1.639
1583  0.495  1.640
1584  0.495  1.640
1585  0.495  1.641
1586  0.496  1.641
1587  0.496  1.642
1588  0.496  1.642
1589  0.497  1.643
1590  0.497  1.643
1591  0.497  1.644
1592  0.497  1.644
1593  0.498  1.645
1594  0.498  1.646
1595  0.498  1.646
1596  0.499  1.647
1597  0.499  1.647
1598  0.499  1.648
1599  0.500  1.648
1600  0.500  1.649
1601  0.500  1.649
1602  0.501  1.650
1603  0.501  1.650
1604  0.501  1.651
1605  0.502  1.651
1606  0.502  1.652
1607  0.502  1.652
1608  0.503  1.653
1609  0.503  1.653
1610  0.503  1.654
1611  0.503  1.654
1612  0.504  1.655
1613  0.504  1.655
1614  0.504  1.656
1615  0.505  1.656
1616  0.505  1.657
1617  0.505  1.657
1618  0.506  1.658
1619  0.506  1.658
1620  0.506  1.659
1621  0.507  1.659
1622  0.507  1.660
1623  0.507  1.660
1624  0.508  1.661
1625  0.508  1.662
1626  0.508  1.662
1627  0.508  1.663
1628  0.509  1.663
1629  0.509  1.664
1630  0.509  1.664
1631  0.510  1.665
1632  0.510  1.665
1633  0.510  1.666
1634  0.511  1.666
1635  0.511  1.667
1636  0.511  1.667
1637  0.512  1.668
1638  0.512  1.668
1639  0.512  1.669
1640  0.512  1.669
1641  0.513  1.670
1642  0.513  1.670
1643  0.513  1.671
1644  0.514  1.671
1645  0.514  1.672
1646  0.514  1.672
1647  0.515  1.673
1648  0.515  1.674
1649  0.515  1.674
1650  0.516  1.675
1651  0.516  1.675
1652  0.516  1.676
1653  0.517  1.676
1654  0.517  1.677
1655  0.517  1.677
1656  0.517  1.678
1657  0.518  1.678
1658  0.518  1.679
1659  0.518  1.679
1660  0.519  1.680
1661  0.519  1.680
1662  0.519  1.681
1663  0.520  1.681
1664  0.520  1.682
1665  0.520  1.682
1666  0.521  1.683
1667  0.521  1.683
1668  0.521  1.684
1669  0.522  1.685
1670  0.522  1.685
1671  0.522  1.686
1672  0.522  1.686
1673  0.523  1.687
1674  0.523  1.687
1675  0.523  1.688
1676  0.524  1.688
1677  0.524  1.689
1678  0.524  1.689
1679  0.525  1.690
1680  0.525  1.690
1681  0.525  1.691
1682  0.526  1.691
1683  0.526  1.692
1684  0.526  1.692
1685  0.527  1.693
1686  0.527  1.693
1687  0.527  1.694
1688  0.527  1.695
1689  0.528  1.695
1690  0.528  1.696
1691  0.528  1.696
1692  0.529  1.697
1693  0.529  1.697
1694  0.529  1.698
1695  0.530  1.698
1696  0.530  1.699
1697  0.530  1.699
1698  0.531  1.700
1699  0.531  1.700
1700  0.531  1.701
1701  0.532  1.701
1702  0.532  1.702
1703  0.532  1.703
1704  0.532  1.703
1705  0.533  1.704
1706  0.533  1.704
1707  0.533  1.705
1708  0.534  1.705
1709  0.534  1.706
1710  0.534  1.706
1711  0.535  1.707
1712  0.535  1.707
1713  0.535  1.708
1714  0.536  1.708
1715  0.536  1.709
1716  0.536  1.709
1717  0.537  1.710
1718  0.537  1.711
1719  0.537  1.711
1720  0.537  1.712
1721  0.538  1.712
1722  0.538  1.713
1723  0.538  1.713
1724  0.539  1.714
1725  0.539  1.714
1726  0.539  1.715
1727  0.540  1.715
1728  0.540  1.716
1729  0.540  1.716
1730  0.541  1.717
1731  0.541  1.717
1732  0.541  1.718
1733  0.542  1.719
1734  0.542  1.719
1735  0.542  1.720
1736  0.542  1.720
1737  0.543  1.721
1738  0.543  1.721
1739  0.543  1.722
1740  0.544  1.722
1741  0.544  1.723
1742  0.544  1.723
1743  0.545  1.724
1744  0.545  1.724
1745  0.545  1.725
1746  0.546  1.726
1747  0.546  1.726
1748  0.546  1.727
1749  0.547  1.727
1750  0.547  1.728
1751  0.547  1.728
1752  0.547  1.729
1753  0.548  1.729
1754  0.548  1.730
1755  0.548  1.730
1756  0.549  1.731
1757  0.549  1.731
1758  0.549  1.732
1759  0.550  1.733
1760  0.550  1.733
1761  0.550  1.734
1762  0.551  1.734
1763  0.551  1.735
1764  0.551  1.735
1765  0.552  1.736
1766  0.552  1.736
1767  0.552  1.737
1768  0.552  1.737
1769  0.553  1.738
1770  0.553  1.739
1771  0.553  1.739
1772  0.554  1.740
1773  0.554  1.740
1774  0.554  1.741
1775  0.555  1.741
1776  0.555  1.742
1777  0.555  1.742
1778  0.556  1.743
1779  0.556  1.743
1780  0.556  1.744
1781  0.557  1.745
1782  0.557  1.745
1783  0.557  1.746
1784  0.557  1.746
1785  0.558  1.747
1786  0.558  1.747
1787  0.558  1.748
1788  0.559  1.748
1789  0.559  1.749
1790  0.559  1.749
1791  0.560  1.750
1792  0.560  1.751
1793  0.560  1.751
1794  0.561  1.752
1795  0.561  1.752
1796  0.561  1.753
1797  0.562  1.753
1798  0.562  1.754
1799  0.562  1.754
1800  0.562  1.755
1801  0.563  1.755
1802  0.563  1.756
1803  0.563  1.757
1804  0.564  1.757
1805  0.564  1.758
1806  0.564  1.758
1807  0.565  1.759
1808  0.565  1.759
1809  0.565  1.760
1810  0.566  1.760
1811  0.566  1.761
1812  0.566  1.761
1813  0.567  1.762
1814  0.567  1.763
1815  0.567  1.763
1816  0.568  1.764
1817  0.568  1.764
1818  0.568  1.765
1819  0.568  1.765
1820  0.569  1.766
1821  0.569  1.766
1822  0.569  1.767
1823  0.570  1.768
1824  0.570  1.768
1825  0.570  1.769
1826  0.571  1.769
1827  0.571  1.770
1828  0.571  1.770
1829  0.572  1.771
1830  0.572  1.771
1831  0.572  1.772
1832  0.573  1.773
1833  0.573  1.773
1834  0.573  1.774
1835  0.573  1.774
1836  0.574  1.775
1837  0.574  1.775
1838  0.574  1.776
1839  0.575  1.776
1840  0.575  1.777
1841  0.575  1.778
1842  0.576  1.778
1843  0.576  1.779
1844  0.576  1.779
1845  0.577  1.780
1846  0.577  1.780
1847  0.577  1.781
1848  0.578  1.781
1849  0.578  1.782
1850  0.578  1.783
1851  0.578  1.783
1852  0.579  1.784
1853  0.579  1.784
1854  0.579  1.785
1855  0.580  1.785
1856  0.580  1.786
1857  0.580  1.786
1858  0.581  1.787
1859  0.581  1.788
1860  0.581  1.788
1861  0.582  1.789
1862  0.582  1.789
1863  0.582  1.790
1864  0.583  1.790
1865  0.583  1.791
1866  0.583  1.791
1867  0.583  1.792
1868  0.584  1.793
1869  0.584  1.793
1870  0.584  1.794
1871  0.585  1.794
1872  0.585  1.795
1873  0.585  1.795
1874  0.586  1.796
1875  0.586  1.797
1876  0.586  1.797
1877  0.587  1.798
1878  0.587  1.798
1879  0.587  1.799
1880  0.588  1.799
1881  0.588  1.800
1882  0.588  1.800
1883  0.588  1.801
1884  0.589  1.802
1885  0.589  1.802
1886  0.589  1.803
1887  0.590  1.803
1888  0.590  1.804
1889  0.590  1.804
1890  0.591  1.805
1891  0.591  1.806
1892  0.591  1.806
1893  0.592  1.807
1894  0.592  1.807
1895  0.592  1.808
1896  0.593  1.808
1897  0.593  1.809
1898  0.593  1.809
1899  0.593  1.810
1900  0.594  1.811
1901  0.594  1.811
1902  0.594  1.812
1903  0.595  1.812
1904  0.595  1.813
1905  0.595  1.813
1906  0.596  1.814
1907  0.596  1.815
1908  0.596  1.815
1909  0.597  1.816
1910  0.597  1.816
1911  0.597  1.817
1912  0.598  1.817
1913  0.598  1.818
1914  0.598  1.819
1915  0.598  1.819
1916  0.599  1.820
1917  0.599  1.820
1918  0.599  1.821
1919  0.600  1.821
1920  0.600  1.822
1921  0.600  1.823
1922  0.601  1.823
1923  0.601  1.824
1924  0.601  1.824
1925  0.602  1.825
1926  0.602  1.825
1927  0.602  1.826
1928  0.603  1.827
1929  0.603  1.827
1930  0.603  1.828
1931  0.603  1.828
1932  0.604  1.829
1933  0.604  1.829
1934  0.604  1.830
1935  0.605  1.831
1936  0.605  1.831
1937  0.605  1.832
1938  0.606  1.832
1939  0.606  1.833
1940  0.606  1.833
1941  0.607  1.834
1942  0.607  1.835
1943  0.607  1.835
1944  0.608  1.836
1945  0.608  1.836
1946  0.608  1.837
1947  0.608  1.837
1948  0.609  1.838
1949  0.609  1.839
1950  0.609  1.839
1951  0.610  1.840
1952  0.610  1.840
1953  0.610  1.841
1954  0.611  1.841
1955  0.611  1.842
1956  0.611  1.843
1957  0.612  1.843
1958  0.612  1.844
1959  0.612  1.844
1960  0.613  1.845
1961  0.613  1.845
1962  0.613  1.846
1963  0.613  1.847
1964  0.614  1.847
1965  0.614  1.848
1966  0.614  1.848
1967  0.615  1.849
1968  0.615  1.849
1969  0.615  1.850
1970  0.616  1.851
1971  0.616  1.851
1972  0.616  1.852
1973  0.617  1.852
1974  0.617  1.853
1975  0.617  1.854
1976  0.618  1.854
1977  0.618  1.855
1978  0.618  1.855
1979  0.618  1.856
1980  0.619  1.856
1981  0.619  1.857
1982  0.619  1.858
1983  0.620  1.858
1984  0.620  1.859
1985  0.620  1.859
1986  0.621  1.860
1987  0.621  1.860
1988  0.621  1.861
1989  0.622  1.862
1990  0.622  1.862
1991  0.622  1.863
1992  0.623  1.863
1993  0.623  1.864
1994  0.623  1.865
1995  0.623  1.865
1996  0.624  1.866
1997  0.624  1.866
1998  0.624  1.867
1999  0.625  1.867
2000  0.625  1.868
2001  0.625  1.869
2002  0.626  1.869
2003  0.626  1.870
2004  0.626  1.870
2005  0.627  1.871
2006  0.627  1.872
2007  0.627  1.872
2008  0.628  1.873
2009  0.628  1.873
2010  0.628  1.874
2011  0.628  1.874
2012  0.629  1.875
2013  0.629  1.876
2014  0.629  1.876
2015  0.630  1.877
2016  0.630  1.877
2017  0.630  1.878
2018  0.631  1.879
2019  0.631  1.879
2020  0.631  1.880
2021  0.632  1.880
2022  0.632  1.881
2023  0.632  1.882
2024  0.633  1.882
2025  0.633  1.883
2026  0.633  1.883
2027  0.633  1.884
2028  0.634  1.884
2029  0.634  1.885
2030  0.634  1.886
2031  0.635  1.886
2032  0.635  1.887
2033  0.635  1.887
2034  0.636  1.888
2035  0.636  1.889
2036  0.636  1.889
2037  0.637  1.890
2038  0.637  1.890
2039  0.637  1.891
2040  0.638  1.892
2041  0.638  1.892
2042  0.638  1.893
2043  0.638  1.893
2044  0.639  1.894
2045  0.639  1.895
2046  0.639  1.895
2047  0.640  1.896
2048  0.640  1.896
2049  0.640  1.897
2050  0.641  1.897
2051  0.641  1.898
2052  0.641  1.899
2053  0.642  1.899
2054  0.642  1.900
2055  0.642  1.900
2056  0.642  1.901
2057  0.643  1.902
2058  0.643  1.902
2059  0.643  1.903
2060  0.644  1.903
2061  0.644  1.904
2062  0.644  1.905
2063  0.645  1.905
2064  0.645  1.906
2065  0.645  1.906
2066  0.646  1.907
2067  0.646  1.908
2068  0.646  1.908
2069  0.647  1.909
2070  0.647  1.909
2071  0.647  1.910
2072  0.647  1.911
2073  0.648  1.911
2074  0.648  1.912
2075  0.648  1.912
2076  0.649  1.913
2077  0.649  1.914
2078  0.649  1.914
2079  0.650  1.915
2080  0.650  1.915
2081  0.650  1.916
2082  0.651  1.917
2083  0.651  1.917
2084  0.651  1.918
2085  0.652  1.918
2086  0.652  1.919
2087  0.652  1.920
2088  0.652  1.920
2089  0.653  1.921
2090  0.653  1.921
2091  0.653  1.922
2092  0.654  1.923
2093  0.654  1.923
2094  0.654  1.924
2095  0.655  1.924
2096  0.655  1.925
2097  0.655  1.926
2098  0.656  1.926
2099  0.656  1.927
2100  0.656  1.927
2101  0.657  1.928
2102  0.657  1.929
2103  0.657  1.929
2104  0.657  1.930
2105  0.658  1.930
2106  0.658  1.931
2107  0.658  1.932
2108  0.659  1.932
2109  0.659  1.933
2110  0.659  1.933
2111  0.660  1.934
2112  0.660  1.935
2113  0.660  1.935
2114  0.661  1.936
2115  0.661  1.936
2116  0.661  1.937
2117  0.662  1.938
2118  0.662  1.938
2119  0.662  1.939
2120  0.662  1.939
2121  0.663  1.940
2122  0.663  1.941
2123  0.663  1.941
2124  0.664  1.942
2125  0.664  1.942
2126  0.664  1.943
2127  0.665  1.944
2128  0.665  1.944
2129  0.665  1.945
2130  0.666  1.946
2131  0.666  1.946
2132  0.666  1.947
2133  0.667  1.947
2134  0.667  1.948
2135  0.667  1.949
2136  0.667  1.949
2137  0.668  1.950
2138  0.668  1.950
2139  0.668  1.951
2140  0.669  1.952
2141  0.669  1.952
2142  0.669  1.953
2143  0.670  1.953
2144  0.670  1.954
2145  0.670  1.955
2146  0.671  1.955
2147  0.671  1.956
2148  0.671  1.956
2149  0.672  1.957
2150  0.672  1.958
2151  0.672  1.958
2152  0.672  1.959
2153  0.673  1.960
2154  0.673  1.960
2155  0.673  1.961
2156  0.674  1.961
2157  0.674  1.962
2158  0.674  1.963
2159  0.675  1.963
2160  0.675  1.964
2161  0.675  1.964
2162  0.676  1.965
2163  0.676  1.966
2164  0.676  1.966
2165  0.677  1.967
2166  0.677  1.968
2167  0.677  1.968
2168  0.677  1.969
2169  0.678  1.969
2170  0.678  1.970
2171  0.678  1.971
2172  0.679  1.971
2173  0.679  1.972
2174  0.679  1.972
2175  0.680  1.973
2176  0.680  1.974
2177  0.680  1.974
2178  0.681  1.975
2179  0.681  1.976
2180  0.681  1.976
2181  0.682  1.977
2182  0.682  1.977
2183  0.682  1.978
2184  0.682  1.979
2185  0.683  1.979
2186  0.683  1.980
2187  0.683  1.980
2188  0.684  1.981
2189  0.684  1.982
2190  0.684  1.982
2191  0.685  1.983
2192  0.685  1.984
2193  0.685  1.984
2194  0.686  1.985
2195  0.686  1.985
2196  0.686  1.986
2197  0.687  1.987
2198  0.687  1.987
2199  0.687  1.988
2200  0.688  1.989
2201  0.688  1.989
2202  0.688  1.990
2203  0.688  1.990
2204  0.689  1.991
2205  0.689  1.992
2206  0.689  1.992
2207  0.690  1.993
2208  0.690  1.994
2209  0.690  1.994
2210  0.691  1.995
2211  0.691  1.995
2212  0.691  1.996
2213  0.692  1.997
2214  0.692  1.997
2215  0.692  1.998
2216  0.693  1.998
2217  0.693  1.999
2218  0.693  2.000
2219  0.693  2.000
2220  0.694  2.001
2221  0.694  2.002
2222  0.694  2.002
2223  0.695  2.003
2224  0.695  2.003
2225  0.695  2.004
2226  0.696  2.005
2227  0.696  2.005
2228  0.696  2.006
2229  0.697  2.007
2230  0.697  2.007
2231  0.697  2.008
2232  0.698  2.009
2233  0.698  2.009
2234  0.698  2.010
2235  0.698  2.010
2236  0.699  2.011
2237  0.699  2.012
2238  0.699  2.012
2239  0.700  2.013
2240  0.700  2.014
2241  0.700  2.014
2242  0.701  2.015
2243  0.701  2.015
2244  0.701  2.016
2245  0.702  2.017
2246  0.702  2.017
2247  0.702  2.018
2248  0.703  2.019
2249  0.703  2.019
2250  0.703  2.020
2251  0.703  2.020
2252  0.704  2.021
2253  0.704  2.022
2254  0.704  2.022
2255  0.705  2.023
2256  0.705  2.024
2257  0.705  2.024
2258  0.706  2.025
2259  0.706  2.026
2260  0.706  2.026
2261  0.707  2.027
2262  0.707  2.027
2263  0.707  2.028
2264  0.708  2.029
2265  0.708  2.029
2266  0.708  2.030
2267  0.708  2.031
2268  0.709  2.031
2269  0.709  2.032
2270  0.709  2.032
2271  0.710  2.033
2272  0.710  2.034
2273  0.710  2.034
2274  0.711  2.035
2275  0.711  2.036
2276  0.711  2.036
2277  0.712  2.037
2278  0.712  2.038
2279  0.712  2.038
2280  0.713  2.039
2281  0.713  2.039
2282  0.713  2.040
2283  0.713  2.041
2284  0.714  2.041
2285  0.714  2.042
2286  0.714  2.043
2287  0.715  2.043
2288  0.715  2.044
2289  0.715  2.045
2290  0.716  2.045
2291  0.716  2.046
2292  0.716  2.047
2293  0.717  2.047
2294  0.717  2.048
2295  0.717  2.048
2296  0.718  2.049
2297  0.718  2.050
2298  0.718  2.050
2299  0.718  2.051
2300  0.719  2.052
2301  0.719  2.052
2302  0.719  2.053
2303  0.720  2.054
2304  0.720  2.054
2305  0.720  2.055
2306  0.721  2.055
2307  0.721  2.056
2308  0.721  2.057
2309  0.722  2.057
2310  0.722  2.058
2311  0.722  2.059
2312  0.723  2.059
2313  0.723  2.060
2314  0.723  2.061
2315  0.723  2.061
2316  0.724  2.062
2317  0.724  2.063
2318  0.724  2.063
2319  0.725  2.064
2320  0.725  2.064
2321  0.725  2.065
2322  0.726  2.066
2323  0.726  2.066
2324  0.726  2.067
2325  0.727  2.068
2326  0.727  2.068
2327  0.727  2.069
2328  0.728  2.070
2329  0.728  2.070
2330  0.728  2.071
2331  0.728  2.072
2332  0.729  2.072
2333  0.729  2.073
2334  0.729  2.074
2335  0.730  2.074
2336  0.730  2.075
2337  0.730  2.075
2338  0.731  2.076
2339  0.731  2.077
2340  0.731  2.077
2341  0.732  2.078
2342  0.732  2.079
2343  0.732  2.079
2344  0.733  2.080
2345  0.733  2.081
2346  0.733  2.081
2347  0.733  2.082
2348  0.734  2.083
2349  0.734  2.083
2350  0.734  2.084
2351  0.735  2.085
2352  0.735  2.085
2353  0.735  2.086
2354  0.736  2.087
2355  0.736  2.087
2356  0.736  2.088
2357  0.737  2.089
2358  0.737  2.089
2359  0.737  2.090
2360  0.738  2.090
2361  0.738  2.091
2362  0.738  2.092
2363  0.738  2.092
2364  0.739  2.093
2365  0.739  2.094
2366  0.739  2.094
2367  0.740  2.095
2368  0.740  2.096
2369  0.740  2.096
2370  0.741  2.097
2371  0.741  2.098
2372  0.741  2.098
2373  0.742  2.099
2374  0.742  2.100
2375  0.742  2.100
2376  0.743  2.101
2377  0.743  2.102
2378  0.743  2.102
2379  0.743  2.103
2380  0.744  2.104
2381  0.744  2.104
2382  0.744  2.105
2383  0.745  2.106
2384  0.745  2.106
2385  0.745  2.107
2386  0.746  2.108
2387  0.746  2.108
2388  0.746  2.109
2389  0.747  2.109
2390  0.747  2.110
2391  0.747  2.111
2392  0.748  2.111
2393  0.748  2.112
2394  0.748  2.113
2395  0.748  2.113
2396  0.749  2.114
2397  0.749  2.115
2398  0.749  2.115
2399  0.750  2.116
2400  0.750  2.117
2401  0.750  2.117
2402  0.751  2.118
2403  0.751  2.119
2404  0.751  2.119
2405  0.752  2.120
2406  0.752  2.121
2407  0.752  2.121
2408  0.753  2.122
2409  0.753  2.123
2410  0.753  2.123
2411  0.753  2.124
2412  0.754  2.125
2413  0.754  2.125
2414  0.754  2.126
2415  0.755  2.127
2416  0.755  2.127
2417  0.755  2.128
2418  0.756  2.129
2419  0.756  2.129
2420  0.756  2.130
2421  0.757  2.131
2422  0.757  2.131
2423  0.757  2.132
2424  0.758  2.133
2425  0.758  2.133
2426  0.758  2.134
2427  0.758  2.135
2428  0.759  2.135
2429  0.759  2.136
2430  0.759  2.137
2431  0.760  2.137
2432  0.760  2.138
2433  0.760  2.139
2434  0.761  2.139
2435  0.761  2.140
2436  0.761  2.141
2437  0.762  2.141
2438  0.762  2.142
2439  0.762  2.143
2440  0.763  2.143
2441  0.763  2.144
2442  0.763  2.145
2443  0.763  2.145
2444  0.764  2.146
2445  0.764  2.147
2446  0.764  2.147
2447  0.765  2.148
2448  0.765  2.149
2449  0.765  2.149
2450  0.766  2.150
2451  0.766  2.151
2452  0.766  2.151
2453  0.767  2.152
2454  0.767  2.153
2455  0.767  2.153
2456  0.768  2.154
2457  0.768  2.155
2458  0.768  2.155
2459  0.768  2.156
2460  0.769  2.157
2461  0.769  2.157
2462  0.769  2.158
2463  0.770  2.159
2464  0.770  2.160
2465  0.770  2.160
2466  0.771  2.161
2467  0.771  2.162
2468  0.771  2.162
2469  0.772  2.163
2470  0.772  2.164
2471  0.772  2.164
2472  0.772  2.165
2473  0.773  2.166
2474  0.773  2.166
2475  0.773  2.167
2476  0.774  2.168
2477  0.774  2.168
2478  0.774  2.169
2479  0.775  2.170
2480  0.775  2.170
2481  0.775  2.171
2482  0.776  2.172
2483  0.776  2.172
2484  0.776  2.173
2485  0.777  2.174
2486  0.777  2.174
2487  0.777  2.175
2488  0.777  2.176
2489  0.778  2.176
2490  0.778  2.177
2491  0.778  2.178
2492  0.779  2.178
2493  0.779  2.179
2494  0.779  2.180
2495  0.780  2.181
2496  0.780  2.181
2497  0.780  2.182
2498  0.781  2.183
2499  0.781  2.183
2500  0.781  2.184
2501  0.782  2.185
2502  0.782  2.185
2503  0.782  2.186
2504  0.782  2.187
2505  0.783  2.187
2506  0.783  2.188
2507  0.783  2.189
2508  0.784  2.189
2509  0.784  2.190
2510  0.784  2.191
2511  0.785  2.191
2512  0.785  2.192
2513  0.785  2.193
2514  0.786  2.194
2515  0.786  2.194
2516  0.786  2.195
2517  0.787  2.196
2518  0.787  2.196
2519  0.787  2.197
2520  0.787  2.198
2521  0.788  2.198
2522  0.788  2.199
2523  0.788  2.200
2524  0.789  2.200
2525  0.789  2.201
2526  0.789  2.202
2527  0.790  2.202
2528  0.790  2.203
2529  0.790  2.204
2530  0.791  2.205
2531  0.791  2.205
2532  0.791  2.206
2533  0.792  2.207
2534  0.792  2.207
2535  0.792  2.208
2536  0.792  2.209
2537  0.793  2.209
2538  0.793  2.210
2539  0.793  2.211
2540  0.794  2.211
2541  0.794  2.212
2542  0.794  2.213
2543  0.795  2.213
2544  0.795  2.214
2545  0.795  2.215
2546  0.796  2.216
2547  0.796  2.216
2548  0.796  2.217
2549  0.797  2.218
2550  0.797  2.218
2551  0.797  2.219
2552  0.797  2.220
2553  0.798  2.220
2554  0.798  2.221
2555  0.798  2.222
2556  0.799  2.222
2557  0.799  2.223
2558  0.799  2.224
2559  0.800  2.225
2560  0.800  2.225
2561  0.800  2.226
2562  0.801  2.227
2563  0.801  2.227
2564  0.801  2.228
2565  0.802  2.229
2566  0.802  2.229
2567  0.802  2.230
2568  0.802  2.231
2569  0.803  2.232
2570  0.803  2.232
2571  0.803  2.233
2572  0.804  2.234
2573  0.804  2.234
2574  0.804  2.235
2575  0.805  2.236
2576  0.805  2.236
2577  0.805  2.237
2578  0.806  2.238
2579  0.806  2.239
2580  0.806  2.239
2581  0.807  2.240
2582  0.807  2.241
2583  0.807  2.241
2584  0.807  2.242
2585  0.808  2.243
2586  0.808  2.243
2587  0.808  2.244
2588  0.809  2.245
2589  0.809  2.246
2590  0.809  2.246
2591  0.810  2.247
2592  0.810  2.248
2593  0.810  2.248
2594  0.811  2.249
2595  0.811  2.250
2596  0.811  2.250
2597  0.812  2.251
2598  0.812  2.252
2599  0.812  2.253
2600  0.812  2.253
2601  0.813  2.254
2602  0.813  2.255
2603  0.813  2.255
2604  0.814  2.256
2605  0.814  2.257
2606  0.814  2.257
2607  0.815  2.258
2608  0.815  2.259
2609  0.815  2.260
2610  0.816  2.260
2611  0.816  2.261
2612  0.816  2.262
2613  0.817  2.262
2614  0.817  2.263
2615  0.817  2.264
2616  0.818  2.265
2617  0.818  2.265
2618  0.818  2.266
2619  0.818  2.267
2620  0.819  2.267
2621  0.819  2.268
2622  0.819  2.269
2623  0.820  2.270
2624  0.820  2.270
2625  0.820  2.271
2626  0.821  2.272
2627  0.821  2.272
2628  0.821  2.273
2629  0.822  2.274
2630  0.822  2.274
2631  0.822  2.275
2632  0.823  2.276
2633  0.823  2.277
2634  0.823  2.277
2635  0.823  2.278
2636  0.824  2.279
2637  0.824  2.279
2638  0.824  2.280
2639  0.825  2.281
2640  0.825  2.282
2641  0.825  2.282
2642  0.826  2.283
2643  0.826  2.284
2644  0.826  2.284
2645  0.827  2.285
2646  0.827  2.286
2647  0.827  2.287
2648  0.828  2.287
2649  0.828  2.288
2650  0.828  2.289
2651  0.828  2.289
2652  0.829  2.290
2653  0.829  2.291
2654  0.829  2.292
2655  0.830  2.292
2656  0.830  2.293
2657  0.830  2.294
2658  0.831  2.294
2659  0.831  2.295
2660  0.831  2.296
2661  0.832  2.297
2662  0.832  2.297
2663  0.832  2.298
2664  0.833  2.299
2665  0.833  2.299
2666  0.833  2.300
2667  0.833  2.301
2668  0.834  2.302
2669  0.834  2.302
2670  0.834  2.303
2671  0.835  2.304
2672  0.835  2.305
2673  0.835  2.305
2674  0.836  2.306
2675  0.836  2.307
2676  0.836  2.307
2677  0.837  2.308
2678  0.837  2.309
2679  0.837  2.310
2680  0.838  2.310
2681  0.838  2.311
2682  0.838  2.312
2683  0.838  2.312
2684  0.839  2.313
2685  0.839  2.314
2686  0.839  2.315
2687  0.840  2.315
2688  0.840  2.316
2689  0.840  2.317
2690  0.841  2.318
2691  0.841  2.318
2692  0.841  2.319
2693  0.842  2.320
2694  0.842  2.320
2695  0.842  2.321
2696  0.843  2.322
2697  0.843  2.323
2698  0.843  2.323
2699  0.843  2.324
2700  0.844  2.325
2701  0.844  2.325
2702  0.844  2.326
2703  0.845  2.327
2704  0.845  2.328
2705  0.845  2.328
2706  0.846  2.329
2707  0.846  2.330
2708  0.846  2.331
2709  0.847  2.331
2710  0.847  2.332
2711  0.847  2.333
2712  0.848  2.333
2713  0.848  2.334
2714  0.848  2.335
2715  0.848  2.336
2716  0.849  2.336
2717  0.849  2.337
2718  0.849  2.338
2719  0.850  2.339
2720  0.850  2.339
2721  0.850  2.340
2722  0.851  2.341
2723  0.851  2.342
2724  0.851  2.342
2725  0.852  2.343
2726  0.852  2.344
2727  0.852  2.344
2728  0.853  2.345
2729  0.853  2.346
2730  0.853  2.347
2731  0.853  2.347
2732  0.854  2.348
2733  0.854  2.349
2734  0.854  2.350
2735  0.855  2.350
2736  0.855  2.351
2737  0.855  2.352
2738  0.856  2.353
2739  0.856  2.353
2740  0.856  2.354
2741  0.857  2.355
2742  0.857  2.355
2743  0.857  2.356
2744  0.858  2.357
2745  0.858  2.358
2746  0.858  2.358
2747  0.858  2.359
2748  0.859  2.360
2749  0.859  2.361
2750  0.859  2.361
2751  0.860  2.362
2752  0.860  2.363
2753  0.860  2.364
2754  0.861  2.364
2755  0.861  2.365
2756  0.861  2.366
2757  0.862  2.367
2758  0.862  2.367
2759  0.862  2.368
2760  0.863  2.369
2761  0.863  2.369
2762  0.863  2.370
2763  0.863  2.371
2764  0.864  2.372
2765  0.864  2.372
2766  0.864  2.373
2767  0.865  2.374
2768  0.865  2.375
2769  0.865  2.375
2770  0.866  2.376
2771  0.866  2.377
2772  0.866  2.378
2773  0.867  2.378
2774  0.867  2.379
2775  0.867  2.380
2776  0.868  2.381
2777  0.868  2.381
2778  0.868  2.382
2779  0.868  2.383
2780  0.869  2.384
2781  0.869  2.384
2782  0.869  2.385
2783  0.870  2.386
2784  0.870  2.387
2785  0.870  2.387
2786  0.871  2.388
2787  0.871  2.389
2788  0.871  2.390
2789  0.872  2.390
2790  0.872  2.391
2791  0.872  2.392
2792  0.873  2.393
2793  0.873  2.393
2794  0.873  2.394
2795  0.873  2.395
2796  0.874  2.396
2797  0.874  2.396
2798  0.874  2.397
2799  0.875  2.398
2800  0.875  2.399
2801  0.875  2.399
2802  0.876  2.400
2803  0.876  2.401
2804  0.876  2.402
2805  0.877  2.402
2806  0.877  2.403
2807  0.877  2.404
2808  0.878  2.405
2809  0.878  2.405
2810  0.878  2.406
2811  0.878  2.407
2812  0.879  2.408
2813  0.879  2.408
2814  0.879  2.409
2815  0.880  2.410
2816  0.880  2.411
2817  0.880  2.411
2818  0.881  2.412
2819  0.881  2.413
2820  0.881  2.414
2821  0.882  2.414
2822  0.882  2.415
2823  0.882  2.416
2824  0.883  2.417
2825  0.883  2.417
2826  0.883  2.418
2827  0.883  2.419
2828  0.884  2.420
2829  0.884  2.420
2830  0.884  2.421
2831  0.885  2.422
2832  0.885  2.423
2833  0.885  2.423
2834  0.886  2.424
2835  0.886  2.425
2836  0.886  2.426
2837  0.887  2.426
2838  0.887  2.427
2839  0.887  2.428
2840  0.888  2.429
2841  0.888  2.429
2842  0.888  2.430
2843  0.888  2.431
2844  0.889  2.432
2845  0.889  2.433
2846  0.889  2.433
2847  0.890  2.434
2848  0.890  2.435
2849  0.890  2.436
2850  0.891  2.436
2851  0.891  2.437
2852  0.891  2.438
2853  0.892  2.439
2854  0.892  2.439
2855  0.892  2.440
2856  0.893  2.441
2857  0.893  2.442
2858  0.893  2.442
2859  0.893  2.443
2860  0.894  2.444
2861  0.894  2.445
2862  0.894  2.445
2863  0.895  2.446
2864  0.895  2.447
2865  0.895  2.448
2866  0.896  2.449
2867  0.896  2.449
2868  0.896  2.450
2869  0.897  2.451
2870  0.897  2.452
2871  0.897  2.452
2872  0.897  2.453
2873  0.898  2.454
2874  0.898  2.455
2875  0.898  2.455
2876  0.899  2.456
2877  0.899  2.457
2878  0.899  2.458
2879  0.900  2.458
2880  0.900  2.459
2881  0.900  2.460
2882  0.901  2.461
2883  0.901  2.462
2884  0.901  2.462
2885  0.902  2.463
2886  0.902  2.464
2887  0.902  2.465
2888  0.902  2.465
2889  0.903  2.466
2890  0.903  2.467
2891  0.903  2.468
2892  0.904  2.468
2893  0.904  2.469
2894  0.904  2.470
2895  0.905  2.471
2896  0.905  2.472
2897  0.905  2.472
2898  0.906  2.473
2899  0.906  2.474
2900  0.906  2.475
2901  0.907  2.475
2902  0.907  2.476
2903  0.907  2.477
2904  0.907  2.478
2905  0.908  2.479
2906  0.908  2.479
2907  0.908  2.480
2908  0.909  2.481
2909  0.909  2.482
2910  0.909  2.482
2911  0.910  2.483
2912  0.910  2.484
2913  0.910  2.485
2914  0.911  2.486
2915  0.911  2.486
2916  0.911  2.487
2917  0.912  2.488
2918  0.912  2.489
2919  0.912  2.489
2920  0.912  2.490
2921  0.913  2.491
2922  0.913  2.492
2923  0.913  2.493
2924  0.914  2.493
2925  0.914  2.494
2926  0.914  2.495
2927  0.915  2.496
2928  0.915  2.496
2929  0.915  2.497
2930  0.916  2.498
2931  0.916  2.499
2932  0.916  2.500
2933  0.917  2.500
2934  0.917  2.501
2935  0.917  2.502
2936  0.917  2.503
2937  0.918  2.503
2938  0.918  2.504
2939  0.918  2.505
2940  0.919  2.506
2941  0.919  2.507
2942  0.919  2.507
2943  0.920  2.508
2944  0.920  2.509
2945  0.920  2.510
2946  0.921  2.510
2947  0.921  2.511
2948  0.921  2.512
2949  0.922  2.513
2950  0.922  2.514
2951  0.922  2.514
2952  0.922  2.515
2953  0.923  2.516
2954  0.923  2.517
2955  0.923  2.518
2956  0.924  2.518
2957  0.924  2.519
2958  0.924  2.520
2959  0.925  2.521
2960  0.925  2.522
2961  0.925  2.522
2962  0.926  2.523
2963  0.926  2.524
2964  0.926  2.525
2965  0.927  2.525
2966  0.927  2.526
2967  0.927  2.527
2968  0.927  2.528
2969  0.928  2.529
2970  0.928  2.529
2971  0.928  2.530
2972  0.929  2.531
2973  0.929  2.532
2974  0.929  2.533
2975  0.930  2.533
2976  0.930  2.534
2977  0.930  2.535
2978  0.931  2.536
2979  0.931  2.537
2980  0.931  2.537
2981  0.932  2.538
2982  0.932  2.539
2983  0.932  2.540
2984  0.932  2.540
2985  0.933  2.541
2986  0.933  2.542
2987  0.933  2.543
2988  0.934  2.544
2989  0.934  2.544
2990  0.934  2.545
2991  0.935  2.546
2992  0.935  2.547
2993  0.935  2.548
2994  0.936  2.548
2995  0.936  2.549
2996  0.936  2.550
2997  0.937  2.551
2998  0.937  2.552
2999  0.937  2.552
3000  0.938  2.553
3001  0.938  2.554
3002  0.938  2.555
3003  0.938  2.556
3004  0.939  2.556
3005  0.939  2.557
3006  0.939  2.558
3007  0.940  2.559
3008  0.940  2.560
3009  0.940  2.560
3010  0.941  2.561
3011  0.941  2.562
3012  0.941  2.563
3013  0.942  2.564
3014  0.942  2.564
3015  0.942  2.565
3016  0.943  2.566
3017  0.943  2.567
3018  0.943  2.568
3019  0.943  2.568
3020  0.944  2.569
3021  0.944  2.570
3022  0.944  2.571
3023  0.945  2.572
3024  0.945  2.572
3025  0.945  2.573
3026  0.946  2.574
3027  0.946  2.575
3028  0.946  2.576
3029  0.947  2.576
3030  0.947  2.577
3031  0.947  2.578
3032  0.948  2.579
3033  0.948  2.580
3034  0.948  2.580
3035  0.948  2.581
3036  0.949  2.582
3037  0.949  2.583
3038  0.949  2.584
3039  0.950  2.585
3040  0.950  2.585
3041  0.950  2.586
3042  0.951  2.587
3043  0.951  2.588
3044  0.951  2.589
3045  0.952  2.589
3046  0.952  2.590
3047  0.952  2.591
3048  0.953  2.592
3049  0.953  2.593
3050  0.953  2.593
3051  0.953  2.594
3052  0.954  2.595
3053  0.954  2.596
3054  0.954  2.597
3055  0.955  2.597
3056  0.955  2.598
3057  0.955  2.599
3058  0.956  2.600
3059  0.956  2.601
3060  0.956  2.602
3061  0.957  2.602
3062  0.957  2.603
3063  0.957  2.604
3064  0.958  2.605
3065  0.958  2.606
3066  0.958  2.606
3067  0.958  2.607
3068  0.959  2.608
3069  0.959  2.609
3070  0.959  2.610
3071  0.960  2.610
3072  0.960  2.611
3073  0.960  2.612
3074  0.961  2.613
3075  0.961  2.614
3076  0.961  2.615
3077  0.962  2.615
3078  0.962  2.616
3079  0.962  2.617
3080  0.963  2.618
3081  0.963  2.619
3082  0.963  2.619
3083  0.963  2.620
3084  0.964  2.621
3085  0.964  2.622
3086  0.964  2.623
3087  0.965  2.624
3088  0.965  2.624
3089  0.965  2.625
3090  0.966  2.626
3091  0.966  2.627
3092  0.966  2.628
3093  0.967  2.628
3094  0.967  2.629
3095  0.967  2.630
3096  0.968  2.631
3097  0.968  2.632
3098  0.968  2.633
3099  0.968  2.633
3100  0.969  2.634
3101  0.969  2.635
3102  0.969  2.636
3103  0.970  2.637
3104  0.970  2.638
3105  0.970  2.638
3106  0.971  2.639
3107  0.971  2.640
3108  0.971  2.641
3109  0.972  2.642
3110  0.972  2.642
3111  0.972  2.643
3112  0.973  2.644
3113  0.973  2.645
3114  0.973  2.646
3115  0.973  2.647
3116  0.974  2.647
3117  0.974  2.648
3118  0.974  2.649
3119  0.975  2.650
3120  0.975  2.651
3121  0.975  2.652
3122  0.976  2.652
3123  0.976  2.653
3124  0.976  2.654
3125  0.977  2.655
3126  0.977  2.656
3127  0.977  2.657
3128  0.978  2.657
3129  0.978  2.658
3130  0.978  2.659
3131  0.978  2.660
3132  0.979  2.661
3133  0.979  2.662
3134  0.979  2.662
3135  0.980  2.663
3136  0.980  2.664
3137  0.980  2.665
3138  0.981  2.666
3139  0.981  2.667
3140  0.981  2.667
3141  0.982  2.668
3142  0.982  2.669
3143  0.982  2.670
3144  0.983  2.671
3145  0.983  2.672
3146  0.983  2.672
3147  0.983  2.673
3148  0.984  2.674
3149  0.984  2.675
3150  0.984  2.676
3151  0.985  2.677
3152  0.985  2.677
3153  0.985  2.678
3154  0.986  2.679
3155  0.986  2.680
3156  0.986  2.681
3157  0.987  2.682
3158  0.987  2.682
3159  0.987  2.683
3160  0.988  2.684
3161  0.988  2.685
3162  0.988  2.686
3163  0.988  2.687
3164  0.989  2.687
3165  0.989  2.688
3166  0.989  2.689
3167  0.990  2.690
3168  0.990  2.691
3169  0.990  2.692
3170  0.991  2.692
3171  0.991  2.693
3172  0.991  2.694
3173  0.992  2.695
3174  0.992  2.696
3175  0.992  2.697
3176  0.993  2.698
3177  0.993  2.698
3178  0.993  2.699
3179  0.993  2.700
3180  0.994  2.701
3181  0.994  2.702
3182  0.994  2.703
3183  0.995  2.703
3184  0.995  2.704
3185  0.995  2.705
3186  0.996  2.706
3187  0.996  2.707
3188  0.996  2.708
3189  0.997  2.709
3190  0.997  2.709
3191  0.997  2.710
3192  0.998  2.711
3193  0.998  2.712
3194  0.998  2.713
3195  0.998  2.714
3196  0.999  2.714
3197  0.999  2.715
3198  0.999  2.716
3199  1.000  2.717
3200  1.000  2.718