  i      x      y
---  -----  -----
  0  1.000  0.000
  1  1.001  0.001
  2  1.002  0.002
  3  1.004  0.004
  4  1.005  0.005
  5  1.006  0.006
  6  1.008  0.007
  7  1.009  0.009
  8  1.010  0.010
  9  1.011  0.011
 10  1.012  0.012
 11  1.014  0.014
 12  1.015  0.015
 13  1.016  0.016
 14  1.018  0.017
 15  1.019  0.019
 16  1.020  0.020
 17  1.021  0.021
 18  1.022  0.022
 19  1.024  0.023
 20  1.025  0.025
 21  1.026  0.026
 22  1.028  0.027
 23  1.029  0.028
 24  1.030  0.030
 25  1.031  0.031
 26  1.032  0.032
 27  1.034  0.033
 28  1.035  0.034
 29  1.036  0.036
 30  1.038  0.037
 31  1.039  0.038
 32  1.040  0.039
 33  1.041  0.040
 34  1.042  0.042
 35  1.044  0.043
 36  1.045  0.044
 37  1.046  0.045
 38  1.048  0.046
 39  1.049  0.048
 40  1.050  0.049
 41  1.051  0.050
 42  1.052  0.051
 43  1.054  0.052
 44  1.055  0.054
 45  1.056  0.055
 46  1.058  0.056
 47  1.059  0.057
 48  1.060  0.058
 49  1.061  0.059
 50  1.062  0.061
 51  1.064  0.062
 52  1.065  0.063
 53  1.066  0.064
 54  1.067  0.065
 55  1.069  0.067
 56  1.070  0.068
 57  1.071  0.069
 58  1.073  0.070
 59  1.074  0.071
 60  1.075  0.072
 61  1.076  0.074
 62  1.077  0.075
 63  1.079  0.076
 64  1.080  0.077
 65  1.081  0.078
 66  1.083  0.079
 67  1.084  0.080
 68  1.085  0.082
 69  1.086  0.083
 70  1.087  0.084
 71  1.089  0.085
 72  1.090  0.086
 73  1.091  0.087
 74  1.093  0.089
 75  1.094  0.090
 76  1.095  0.091
 77  1.096  0.092
 78  1.097  0.093
 79  1.099  0.094
 80  1.100  0.095
 81  1.101  0.097
 82  1.103  0.098
 83  1.104  0.099
 84  1.105  0.100
 85  1.106  0.101
 86  1.107  0.102
 87  1.109  0.103
 88  1.110  0.104
 89  1.111  0.106
 90  1.113  0.107
 91  1.114  0.108
 92  1.115  0.109
 93  1.116  0.110
 94  1.117  0.111
 95  1.119  0.112
 96  1.120  0.113
 97  1.121  0.115
 98  1.123  0.116
 99  1.124  0.117
100  1.125  0.118
101  1.126  0.119
102  1.127  0.120
103  1.129  0.121
104  1.130  0.122
105  1.131  0.123
106  1.133  0.125
107  1.134  0.126
108  1.135  0.127
109  1.136  0.128
110  1.137  0.129
111  1.139  0.130
112  1.140  0.131
113  1.141  0.132
114  1.143  0.133
115  1.144  0.134
116  1.145  0.135
117  1.146  0.137
118  1.147  0.138
119  1.149  0.139
120  1.150  0.140
121  1.151  0.141
122  1.153  0.142
123  1.154  0.143
124  1.155  0.144
125  1.156  0.145
126  1.157  0.146
127  1.159  0.147
128  1.160  0.149
129  1.161  0.150
130  1.163  0.151
131  1.164  0.152
132  1.165  0.153
133  1.166  0.154
134  1.167  0.155
135  1.169  0.156
136  1.170  0.157
137  1.171  0.158
138  1.173  0.159
139  1.174  0.160
140  1.175  0.161
141  1.176  0.162
142  1.177  0.163
143  1.179  0.165
144  1.180  0.166
145  1.181  0.167
146  1.183  0.168
147  1.184  0.169
148  1.185  0.170
149  1.186  0.171
150  1.188  0.172
151  1.189  0.173
152  1.190  0.174
153  1.191  0.175
154  1.192  0.176
155  1.194  0.177
156  1.195  0.178
157  1.196  0.179
158  1.198  0.180
159  1.199  0.181
160  1.200  0.182
161  1.201  0.183
162  1.203  0.185
163  1.204  0.186
164  1.205  0.187
165  1.206  0.188
166  1.208  0.189
167  1.209  0.190
168  1.210  0.191
169  1.211  0.192
170  1.212  0.193
171  1.214  0.194
172  1.215  0.195
173  1.216  0.196
174  1.218  0.197
175  1.219  0.198
176  1.220  0.199
177  1.221  0.200
178  1.222  0.201
179  1.224  0.202
180  1.225  0.203
181  1.226  0.204
182  1.228  0.205
183  1.229  0.206
184  1.230  0.207
185  1.231  0.208
186  1.232  0.209
187  1.234  0.210
188  1.235  0.211
189  1.236  0.212
190  1.238  0.213
191  1.239  0.214
192  1.240  0.215
193  1.241  0.216
194  1.242  0.217
195  1.244  0.218
196  1.245  0.219
197  1.246  0.220
198  1.248  0.221
199  1.249  0.222
200  1.250  0.223
201  1.251  0.224
202  1.252  0.225
203  1.254  0.226
204  1.255  0.227
205  1.256  0.228
206  1.258  0.229
207  1.259  0.230
208  1.260  0.231
209  1.261  0.232
210  1.262  0.233
211  1.264  0.234
212  1.265  0.235
213  1.266  0.236
214  1.268  0.237
215  1.269  0.238
216  1.270  0.239
217  1.271  0.240
218  1.272  0.241
219  1.274  0.242
220  1.275  0.243
221  1.276  0.244
222  1.278  0.245
223  1.279  0.246
224  1.280  0.247
225  1.281  0.248
226  1.282  0.249
227  1.284  0.250
228  1.285  0.251
229  1.286  0.252
230  1.288  0.253
231  1.289  0.254
232  1.290  0.255
233  1.291  0.256
234  1.292  0.257
235  1.294  0.258
236  1.295  0.259
237  1.296  0.260
238  1.297  0.261
239  1.299  0.262
240  1.300  0.263
241  1.301  0.263
242  1.302  0.264
243  1.304  0.265
244  1.305  0.266
245  1.306  0.267
246  1.308  0.268
247  1.309  0.269
248  1.310  0.270
249  1.311  0.271
250  1.312  0.272
251  1.314  0.273
252  1.315  0.274
253  1.316  0.275
254  1.317  0.276
255  1.319  0.277
256  1.320  0.278
257  1.321  0.279
258  1.323  0.280
259  1.324  0.281
260  1.325  0.282
261  1.326  0.283
262  1.328  0.283
263  1.329  0.284
264  1.330  0.285
265  1.331  0.286
266  1.333  0.287
267  1.334  0.288
268  1.335  0.289
269  1.336  0.290
270  1.337  0.291
271  1.339  0.292
272  1.340  0.293
273  1.341  0.294
274  1.343  0.295
275  1.344  0.296
276  1.345  0.297
277  1.346  0.297
278  1.348  0.298
279  1.349  0.299
280  1.350  0.300
281  1.351  0.301
282  1.353  0.302
283  1.354  0.303
284  1.355  0.304
285  1.356  0.305
286  1.357  0.306
287  1.359  0.307
288  1.360  0.308
289  1.361  0.309
290  1.363  0.309
291  1.364  0.310
292  1.365  0.311
293  1.366  0.312
294  1.367  0.313
295  1.369  0.314
296  1.370  0.315
297  1.371  0.316
298  1.373  0.317
299  1.374  0.318
300  1.375  0.319
301  1.376  0.320
302  1.377  0.320
303  1.379  0.321
304  1.380  0.322
305  1.381  0.323
306  1.383  0.324
307  1.384  0.325
308  1.385  0.326
309  1.386  0.327
310  1.387  0.328
311  1.389  0.329
312  1.390  0.329
313  1.391  0.330
314  1.393  0.331
315  1.394  0.332
316  1.395  0.333
317  1.396  0.334
318  1.397  0.335
319  1.399  0.336
320  1.400  0.337
321  1.401  0.338
322  1.403  0.338
323  1.404  0.339
324  1.405  0.340
325  1.406  0.341
326  1.407  0.342
327  1.409  0.343
328  1.410  0.344
329  1.411  0.345
330  1.413  0.346
331  1.414  0.346
332  1.415  0.347
333  1.416  0.348
334  1.417  0.349
335  1.419  0.350
336  1.420  0.351
337  1.421  0.352
338  1.422  0.353
339  1.424  0.353
340  1.425  0.354
341  1.426  0.355
342  1.427  0.356
343  1.429  0.357
344  1.430  0.358
345  1.431  0.359
346  1.433  0.360
347  1.434  0.360
348  1.435  0.361
349  1.436  0.362
350  1.438  0.363
351  1.439  0.364
352  1.440  0.365
353  1.441  0.366
354  1.442  0.367
355  1.444  0.367
356  1.445  0.368
357  1.446  0.369
358  1.448  0.370
359  1.449  0.371
360  1.450  0.372
361  1.451  0.373
362  1.453  0.373
363  1.454  0.374
364  1.455  0.375
365  1.456  0.376
366  1.458  0.377
367  1.459  0.378
368  1.460  0.379
369  1.461  0.379
370  1.462  0.380
371  1.464  0.381
372  1.465  0.382
373  1.466  0.383
374  1.468  0.384
375  1.469  0.385
376  1.470  0.385
377  1.471  0.386
378  1.473  0.387
379  1.474  0.388
380  1.475  0.389
381  1.476  0.390
382  1.478  0.391
383  1.479  0.391
384  1.480  0.392
385  1.481  0.393
386  1.482  0.394
387  1.484  0.395
388  1.485  0.396
389  1.486  0.396
390  1.488  0.397
391  1.489  0.398
392  1.490  0.399
393  1.491  0.400
394  1.492  0.401
395  1.494  0.401
396  1.495  0.402
397  1.496  0.403
398  1.498  0.404
399  1.499  0.405
400  1.500  0.406
401  1.501  0.407
402  1.502  0.407
403  1.504  0.408
404  1.505  0.409
405  1.506  0.410
406  1.508  0.411
407  1.509  0.411
408  1.510  0.412
409  1.511  0.413
410  1.512  0.414
411  1.514  0.415
412  1.515  0.416
413  1.516  0.416
414  1.518  0.417
415  1.519  0.418
416  1.520  0.419
417  1.521  0.420
418  1.522  0.421
419  1.524  0.421
420  1.525  0.422
421  1.526  0.423
422  1.527  0.424
423  1.529  0.425
424  1.530  0.425
425  1.531  0.426
426  1.532  0.427
427  1.534  0.428
428  1.535  0.429
429  1.536  0.430
430  1.538  0.430
431  1.539  0.431
432  1.540  0.432
433  1.541  0.433
434  1.542  0.434
435  1.544  0.434
436  1.545  0.435
437  1.546  0.436
438  1.547  0.437
439  1.549  0.438
440  1.550  0.438
441  1.551  0.439
442  1.552  0.440
443  1.554  0.441
444  1.555  0.442
445  1.556  0.443
446  1.558  0.443
447  1.559  0.444
448  1.560  0.445
449  1.561  0.446
450  1.562  0.447
451  1.564  0.447
452  1.565  0.448
453  1.566  0.449
454  1.567  0.450
455  1.569  0.451
456  1.570  0.451
457  1.571  0.452
458  1.573  0.453
459  1.574  0.454
460  1.575  0.454
461  1.576  0.455
462  1.578  0.456
463  1.579  0.457
464  1.580  0.458
465  1.581  0.458
466  1.583  0.459
467  1.584  0.460
468  1.585  0.461
469  1.586  0.462
470  1.587  0.462
471  1.589  0.463
472  1.590  0.464
473  1.591  0.465
474  1.593  0.466
475  1.594  0.466
476  1.595  0.467
477  1.596  0.468
478  1.598  0.469
479  1.599  0.469
480  1.600  0.470
481  1.601  0.471
482  1.603  0.472
483  1.604  0.473
484  1.605  0.473
485  1.606  0.474
486  1.607  0.475
487  1.609  0.476
488  1.610  0.476
489  1.611  0.477
490  1.613  0.478
491  1.614  0.479
492  1.615  0.480
493  1.616  0.480
494  1.618  0.481
495  1.619  0.482
496  1.620  0.483
497  1.621  0.483
498  1.623  0.484
499  1.624  0.485
500  1.625  0.486
501  1.626  0.487
502  1.627  0.487
503  1.629  0.488
504  1.630  0.489
505  1.631  0.490
506  1.633  0.490
507  1.634  0.491
508  1.635  0.492
509  1.636  0.493
510  1.638  0.493
511  1.639  0.494
512  1.640  0.495
513  1.641  0.496
514  1.643  0.496
515  1.644  0.497
516  1.645  0.498
517  1.646  0.499
518  1.647  0.500
519  1.649  0.500
520  1.650  0.501
521  1.651  0.502
522  1.652  0.503
523  1.654  0.503
524  1.655  0.504
525  1.656  0.505
526  1.657  0.506
527  1.659  0.506
528  1.660  0.507
529  1.661  0.508
530  1.663  0.509
531  1.664  0.509
532  1.665  0.510
533  1.666  0.511
534  1.667  0.512
535  1.669  0.512
536  1.670  0.513
537  1.671  0.514
538  1.672  0.515
539  1.674  0.515
540  1.675  0.516
541  1.676  0.517
542  1.677  0.518
543  1.679  0.518
544  1.680  0.519
545  1.681  0.520
546  1.683  0.521
547  1.684  0.521
548  1.685  0.522
549  1.686  0.523
550  1.688  0.524
551  1.689  0.524
552  1.690  0.525
553  1.691  0.526
554  1.692  0.526
555  1.694  0.527
556  1.695  0.528
557  1.696  0.529
558  1.698  0.529
559  1.699  0.530
560  1.700  0.531
561  1.701  0.532
562  1.703  0.532
563  1.704  0.533
564  1.705  0.534
565  1.706  0.535
566  1.708  0.535
567  1.709  0.536
568  1.710  0.537
569  1.711  0.537
570  1.712  0.538
571  1.714  0.539
572  1.715  0.540
573  1.716  0.540
574  1.718  0.541
575  1.719  0.542
576  1.720  0.543
577  1.721  0.543
578  1.723  0.544
579  1.724  0.545
580  1.725  0.545
581  1.726  0.546
582  1.728  0.547
583  1.729  0.548
584  1.730  0.548
585  1.731  0.549
586  1.732  0.550
587  1.734  0.551
588  1.735  0.551
589  1.736  0.552
590  1.738  0.553
591  1.739  0.553
592  1.740  0.554
593  1.741  0.555
594  1.743  0.556
595  1.744  0.556
596  1.745  0.557
597  1.746  0.558
598  1.748  0.558
599  1.749  0.559
600  1.750  0.560
601  1.751  0.561
602  1.752  0.561
603  1.754  0.562
604  1.755  0.563
605  1.756  0.563
606  1.758  0.564
607  1.759  0.565
608  1.760  0.566
609  1.761  0.566
610  1.763  0.567
611  1.764  0.568
612  1.765  0.568
613  1.766  0.569
614  1.768  0.570
615  1.769  0.571
616  1.770  0.571
617  1.771  0.572
618  1.772  0.573
619  1.774  0.573
620  1.775  0.574
621  1.776  0.575
622  1.777  0.575
623  1.779  0.576
624  1.780  0.577
625  1.781  0.578
626  1.782  0.578
627  1.784  0.579
628  1.785  0.580
629  1.786  0.580
630  1.788  0.581
631  1.789  0.582
632  1.790  0.582
633  1.791  0.583
634  1.792  0.584
635  1.794  0.585
636  1.795  0.585
637  1.796  0.586
638  1.797  0.587
639  1.799  0.587
640  1.800  0.588
641  1.801  0.589
642  1.802  0.589
643  1.804  0.590
644  1.805  0.591
645  1.806  0.592
646  1.808  0.592
647  1.809  0.593
648  1.810  0.594
649  1.811  0.594
650  1.812  0.595
651  1.814  0.596
652  1.815  0.596
653  1.816  0.597
654  1.817  0.598
655  1.819  0.598
656  1.820  0.599
657  1.821  0.600
658  1.823  0.600
659  1.824  0.601
660  1.825  0.602
661  1.826  0.603
662  1.828  0.603
663  1.829  0.604
664  1.830  0.605
665  1.831  0.605
666  1.833  0.606
667  1.834  0.607
668  1.835  0.607
669  1.836  0.608
670  1.837  0.609
671  1.839  0.609
672  1.840  0.610
673  1.841  0.611
674  1.843  0.611
675  1.844  0.612
676  1.845  0.613
677  1.846  0.613
678  1.848  0.614
679  1.849  0.615
680  1.850  0.615
681  1.851  0.616
682  1.853  0.617
683  1.854  0.617
684  1.855  0.618
685  1.856  0.619
686  1.857  0.620
687  1.859  0.620
688  1.860  0.621
689  1.861  0.622
690  1.863  0.622
691  1.864  0.623
692  1.865  0.624
693  1.866  0.624
694  1.868  0.625
695  1.869  0.626
696  1.870  0.626
697  1.871  0.627
698  1.873  0.628
699  1.874  0.628
700  1.875  0.629
701  1.876  0.630
702  1.877  0.630
703  1.879  0.631
704  1.880  0.632
705  1.881  0.632
706  1.883  0.633
707  1.884  0.634
708  1.885  0.634
709  1.886  0.635
710  1.888  0.636
711  1.889  0.636
712  1.890  0.637
713  1.891  0.638
714  1.893  0.638
715  1.894  0.639
716  1.895  0.640
717  1.896  0.640
718  1.897  0.641
719  1.899  0.641
720  1.900  0.642
721  1.901  0.643
722  1.902  0.643
723  1.904  0.644
724  1.905  0.645
725  1.906  0.645
726  1.907  0.646
727  1.909  0.647
728  1.910  0.647
729  1.911  0.648
730  1.913  0.649
731  1.914  0.649
732  1.915  0.650
733  1.916  0.651
734  1.917  0.651
735  1.919  0.652
736  1.920  0.653
737  1.921  0.653
738  1.922  0.654
739  1.924  0.655
740  1.925  0.655
741  1.926  0.656
742  1.927  0.657
743  1.929  0.657
744  1.930  0.658
745  1.931  0.658
746  1.933  0.659
747  1.934  0.660
748  1.935  0.660
749  1.936  0.661
750  1.938  0.662
751  1.939  0.662
752  1.940  0.663
753  1.941  0.664
754  1.942  0.664
755  1.944  0.665
756  1.945  0.666
757  1.946  0.666
758  1.948  0.667
759  1.949  0.667
760  1.950  0.668
761  1.951  0.669
762  1.953  0.669
763  1.954  0.670
764  1.955  0.671
765  1.956  0.671
766  1.958  0.672
767  1.959  0.673
768  1.960  0.673
769  1.961  0.674
770  1.962  0.675
771  1.964  0.675
772  1.965  0.676
773  1.966  0.676
774  1.968  0.677
775  1.969  0.678
776  1.970  0.678
777  1.971  0.679
778  1.973  0.680
779  1.974  0.680
780  1.975  0.681
781  1.976  0.682
782  1.978  0.682
783  1.979  0.683
784  1.980  0.683
785  1.981  0.684
786  1.982  0.685
787  1.984  0.685
788  1.985  0.686
789  1.986  0.687
790  1.988  0.687
791  1.989  0.688
792  1.990  0.688
793  1.991  0.689
794  1.993  0.690
795  1.994  0.690
796  1.995  0.691
797  1.996  0.692
798  1.998  0.692
799  1.999  0.693
800  2.000  0.693