   i      x      y
----  -----  -----
   0  0.000  0.000
   1  0.001  0.003
   2  0.001  0.005
   3  0.002  0.007
   4  0.003  0.010
   5  0.003  0.012
   6  0.004  0.015
   7  0.004  0.017
   8  0.005  0.020
   9  0.006  0.022
  10  0.006  0.025
  11  0.007  0.027
  12  0.007  0.030
  13  0.008  0.032
  14  0.009  0.035
  15  0.009  0.037
  16  0.010  0.040
  17  0.011  0.042
  18  0.011  0.045
  19  0.012  0.047
  20  0.013  0.050
  21  0.013  0.052
  22  0.014  0.055
  23  0.014  0.057
  24  0.015  0.060
  25  0.016  0.062
  26  0.016  0.065
  27  0.017  0.067
  28  0.018  0.070
  29  0.018  0.072
  30  0.019  0.075
  31  0.019  0.077
  32  0.020  0.080
  33  0.021  0.082
  34  0.021  0.085
  35  0.022  0.087
  36  0.022  0.090
  37  0.023  0.092
  38  0.024  0.095
  39  0.024  0.097
  40  0.025  0.100
  41  0.026  0.102
  42  0.026  0.105
  43  0.027  0.107
  44  0.028  0.110
  45  0.028  0.112
  46  0.029  0.115
  47  0.029  0.117
  48  0.030  0.120
  49  0.031  0.122
  50  0.031  0.125
  51  0.032  0.127
  52  0.033  0.130
  53  0.033  0.132
  54  0.034  0.135
  55  0.034  0.137
  56  0.035  0.140
  57  0.036  0.142
  58  0.036  0.145
  59  0.037  0.147
  60  0.037  0.150
  61  0.038  0.152
  62  0.039  0.155
  63  0.039  0.157
  64  0.040  0.160
  65  0.041  0.162
  66  0.041  0.165
  67  0.042  0.167
  68  0.043  0.170
  69  0.043  0.172
  70  0.044  0.175
  71  0.044  0.177
  72  0.045  0.180
  73  0.046  0.182
  74  0.046  0.185
  75  0.047  0.187
  76  0.048  0.190
  77  0.048  0.192
  78  0.049  0.195
  79  0.049  0.197
  80  0.050  0.200
  81  0.051  0.202
  82  0.051  0.205
  83  0.052  0.207
  84  0.052  0.210
  85  0.053  0.212
  86  0.054  0.215
  87  0.054  0.217
  88  0.055  0.220
  89  0.056  0.222
  90  0.056  0.225
  91  0.057  0.227
  92  0.058  0.230
  93  0.058  0.232
  94  0.059  0.235
  95  0.059  0.237
  96  0.060  0.240
  97  0.061  0.242
  98  0.061  0.245
  99  0.062  0.247
 100  0.062  0.250
 101  0.063  0.252
 102  0.064  0.255
 103  0.064  0.257
 104  0.065  0.260
 105  0.066  0.262
 106  0.066  0.265
 107  0.067  0.267
 108  0.068  0.270
 109  0.068  0.272
 110  0.069  0.275
 111  0.069  0.277
 112  0.070  0.280
 113  0.071  0.282
 114  0.071  0.285
 115  0.072  0.287
 116  0.072  0.290
 117  0.073  0.292
 118  0.074  0.294
 119  0.074  0.297
 120  0.075  0.299
 121  0.076  0.302
 122  0.076  0.304
 123  0.077  0.307
 124  0.077  0.309
 125  0.078  0.312
 126  0.079  0.314
 127  0.079  0.317
 128  0.080  0.319
 129  0.081  0.322
 130  0.081  0.324
 131  0.082  0.327
 132  0.083  0.329
 133  0.083  0.332
 134  0.084  0.334
 135  0.084  0.337
 136  0.085  0.339
 137  0.086  0.342
 138  0.086  0.344
 139  0.087  0.347
 140  0.088  0.349
 141  0.088  0.352
 142  0.089  0.354
 143  0.089  0.357
 144  0.090  0.359
 145  0.091  0.362
 146  0.091  0.364
 147  0.092  0.366
 148  0.092  0.369
 149  0.093  0.371
 150  0.094  0.374
 151  0.094  0.376
 152  0.095  0.379
 153  0.096  0.381
 154  0.096  0.384
 155  0.097  0.386
 156  0.098  0.389
 157  0.098  0.391
 158  0.099  0.394
 159  0.099  0.396
 160  0.100  0.399
 161  0.101  0.401
 162  0.101  0.404
 163  0.102  0.406
 164  0.103  0.409
 165  0.103  0.411
 166  0.104  0.414
 167  0.104  0.416
 168  0.105  0.418
 169  0.106  0.421
 170  0.106  0.423
 171  0.107  0.426
 172  0.107  0.428
 173  0.108  0.431
 174  0.109  0.433
 175  0.109  0.436
 176  0.110  0.438
 177  0.111  0.441
 178  0.111  0.443
 179  0.112  0.446
 180  0.113  0.448
 181  0.113  0.451
 182  0.114  0.453
 183  0.114  0.456
 184  0.115  0.458
 185  0.116  0.460
 186  0.116  0.463
 187  0.117  0.465
 188  0.118  0.468
 189  0.118  0.470
 190  0.119  0.473
 191  0.119  0.475
 192  0.120  0.478
 193  0.121  0.480
 194  0.121  0.483
 195  0.122  0.485
 196  0.122  0.488
 197  0.123  0.490
 198  0.124  0.493
 199  0.124  0.495
 200  0.125  0.497
 201  0.126  0.500
 202  0.126  0.502
 203  0.127  0.505
 204  0.128  0.507
 205  0.128  0.510
 206  0.129  0.512
 207  0.129  0.515
 208  0.130  0.517
 209  0.131  0.520
 210  0.131  0.522
 211  0.132  0.524
 212  0.133  0.527
 213  0.133  0.529
 214  0.134  0.532
 215  0.134  0.534
 216  0.135  0.537
 217  0.136  0.539
 218  0.136  0.542
 219  0.137  0.544
 220  0.138  0.547
 221  0.138  0.549
 222  0.139  0.552
 223  0.139  0.554
 224  0.140  0.556
 225  0.141  0.559
 226  0.141  0.561
 227  0.142  0.564
 228  0.143  0.566
 229  0.143  0.569
 230  0.144  0.571
 231  0.144  0.574
 232  0.145  0.576
 233  0.146  0.578
 234  0.146  0.581
 235  0.147  0.583
 236  0.147  0.586
 237  0.148  0.588
 238  0.149  0.591
 239  0.149  0.593
 240  0.150  0.596
 241  0.151  0.598
 242  0.151  0.600
 243  0.152  0.603
 244  0.152  0.605
 245  0.153  0.608
 246  0.154  0.610
 247  0.154  0.613
 248  0.155  0.615
 249  0.156  0.618
 250  0.156  0.620
 251  0.157  0.622
 252  0.158  0.625
 253  0.158  0.627
 254  0.159  0.630
 255  0.159  0.632
 256  0.160  0.635
 257  0.161  0.637
 258  0.161  0.640
 259  0.162  0.642
 260  0.163  0.644
 261  0.163  0.647
 262  0.164  0.649
 263  0.164  0.652
 264  0.165  0.654
 265  0.166  0.657
 266  0.166  0.659
 267  0.167  0.661
 268  0.168  0.664
 269  0.168  0.666
 270  0.169  0.669
 271  0.169  0.671
 272  0.170  0.674
 273  0.171  0.676
 274  0.171  0.678
 275  0.172  0.681
 276  0.173  0.683
 277  0.173  0.686
 278  0.174  0.688
 279  0.174  0.691
 280  0.175  0.693
 281  0.176  0.695
 282  0.176  0.698
 283  0.177  0.700
 284  0.177  0.703
 285  0.178  0.705
 286  0.179  0.708
 287  0.179  0.710
 288  0.180  0.712
 289  0.181  0.715
 290  0.181  0.717
 291  0.182  0.720
 292  0.182  0.722
 293  0.183  0.725
 294  0.184  0.727
 295  0.184  0.729
 296  0.185  0.732
 297  0.186  0.734
 298  0.186  0.737
 299  0.187  0.739
 300  0.188  0.741
 301  0.188  0.744
 302  0.189  0.746
 303  0.189  0.749
 304  0.190  0.751
 305  0.191  0.754
 306  0.191  0.756
 307  0.192  0.758
 308  0.193  0.761
 309  0.193  0.763
 310  0.194  0.766
 311  0.194  0.768
 312  0.195  0.770
 313  0.196  0.773
 314  0.196  0.775
 315  0.197  0.778
 316  0.198  0.780
 317  0.198  0.782
 318  0.199  0.785
 319  0.199  0.787
 320  0.200  0.790
 321  0.201  0.792
 322  0.201  0.794
 323  0.202  0.797
 324  0.203  0.799
 325  0.203  0.802
 326  0.204  0.804
 327  0.204  0.806
 328  0.205  0.809
 329  0.206  0.811
 330  0.206  0.814
 331  0.207  0.816
 332  0.208  0.818
 333  0.208  0.821
 334  0.209  0.823
 335  0.209  0.826
 336  0.210  0.828
 337  0.211  0.830
 338  0.211  0.833
 339  0.212  0.835
 340  0.212  0.838
 341  0.213  0.840
 342  0.214  0.842
 343  0.214  0.845
 344  0.215  0.847
 345  0.216  0.850
 346  0.216  0.852
 347  0.217  0.854
 348  0.217  0.857
 349  0.218  0.859
 350  0.219  0.861
 351  0.219  0.864
 352  0.220  0.866
 353  0.221  0.869
 354  0.221  0.871
 355  0.222  0.873
 356  0.223  0.876
 357  0.223  0.878
 358  0.224  0.881
 359  0.224  0.883
 360  0.225  0.885
 361  0.226  0.888
 362  0.226  0.890
 363  0.227  0.892
 364  0.228  0.895
 365  0.228  0.897
 366  0.229  0.900
 367  0.229  0.902
 368  0.230  0.904
 369  0.231  0.907
 370  0.231  0.909
 371  0.232  0.911
 372  0.233  0.914
 373  0.233  0.916
 374  0.234  0.919
 375  0.234  0.921
 376  0.235  0.923
 377  0.236  0.926
 378  0.236  0.928
 379  0.237  0.930
 380  0.238  0.933
 381  0.238  0.935
 382  0.239  0.938
 383  0.239  0.940
 384  0.240  0.942
 385  0.241  0.945
 386  0.241  0.947
 387  0.242  0.949
 388  0.242  0.952
 389  0.243  0.954
 390  0.244  0.956
 391  0.244  0.959
 392  0.245  0.961
 393  0.246  0.963
 394  0.246  0.966
 395  0.247  0.968
 396  0.247  0.971
 397  0.248  0.973
 398  0.249  0.975
 399  0.249  0.978
 400  0.250  0.980
 401  0.251  0.982
 402  0.251  0.985
 403  0.252  0.987
 404  0.253  0.989
 405  0.253  0.992
 406  0.254  0.994
 407  0.254  0.996
 408  0.255  0.999
 409  0.256  1.001
 410  0.256  1.003
 411  0.257  1.006
 412  0.258  1.008
 413  0.258  1.011
 414  0.259  1.013
 415  0.259  1.015
 416  0.260  1.018
 417  0.261  1.020
 418  0.261  1.022
 419  0.262  1.025
 420  0.263  1.027
 421  0.263  1.029
 422  0.264  1.032
 423  0.264  1.034
 424  0.265  1.036
 425  0.266  1.039
 426  0.266  1.041
 427  0.267  1.043
 428  0.268  1.046
 429  0.268  1.048
 430  0.269  1.050
 431  0.269  1.053
 432  0.270  1.055
 433  0.271  1.057
 434  0.271  1.060
 435  0.272  1.062
 436  0.273  1.064
 437  0.273  1.067
 438  0.274  1.069
 439  0.274  1.071
 440  0.275  1.074
 441  0.276  1.076
 442  0.276  1.078
 443  0.277  1.081
 444  0.278  1.083
 445  0.278  1.085
 446  0.279  1.087
 447  0.279  1.090
 448  0.280  1.092
 449  0.281  1.094
 450  0.281  1.097
 451  0.282  1.099
 452  0.283  1.101
 453  0.283  1.104
 454  0.284  1.106
 455  0.284  1.108
 456  0.285  1.111
 457  0.286  1.113
 458  0.286  1.115
 459  0.287  1.118
 460  0.288  1.120
 461  0.288  1.122
 462  0.289  1.125
 463  0.289  1.127
 464  0.290  1.129
 465  0.291  1.131
 466  0.291  1.134
 467  0.292  1.136
 468  0.292  1.138
 469  0.293  1.141
 470  0.294  1.143
 471  0.294  1.145
 472  0.295  1.148
 473  0.296  1.150
 474  0.296  1.152
 475  0.297  1.154
 476  0.297  1.157
 477  0.298  1.159
 478  0.299  1.161
 479  0.299  1.164
 480  0.300  1.166
 481  0.301  1.168
 482  0.301  1.171
 483  0.302  1.173
 484  0.302  1.175
 485  0.303  1.177
 486  0.304  1.180
 487  0.304  1.182
 488  0.305  1.184
 489  0.306  1.187
 490  0.306  1.189
 491  0.307  1.191
 492  0.307  1.193
 493  0.308  1.196
 494  0.309  1.198
 495  0.309  1.200
 496  0.310  1.203
 497  0.311  1.205
 498  0.311  1.207
 499  0.312  1.209
 500  0.312  1.212
 501  0.313  1.214
 502  0.314  1.216
 503  0.314  1.218
 504  0.315  1.221
 505  0.316  1.223
 506  0.316  1.225
 507  0.317  1.228
 508  0.318  1.230
 509  0.318  1.232
 510  0.319  1.234
 511  0.319  1.237
 512  0.320  1.239
 513  0.321  1.241
 514  0.321  1.243
 515  0.322  1.246
 516  0.323  1.248
 517  0.323  1.250
 518  0.324  1.253
 519  0.324  1.255
 520  0.325  1.257
 521  0.326  1.259
 522  0.326  1.262
 523  0.327  1.264
 524  0.328  1.266
 525  0.328  1.268
 526  0.329  1.271
 527  0.329  1.273
 528  0.330  1.275
 529  0.331  1.277
 530  0.331  1.280
 531  0.332  1.282
 532  0.333  1.284
 533  0.333  1.286
 534  0.334  1.289
 535  0.334  1.291
 536  0.335  1.293
 537  0.336  1.295
 538  0.336  1.298
 539  0.337  1.300
 540  0.338  1.302
 541  0.338  1.304
 542  0.339  1.307
 543  0.339  1.309
 544  0.340  1.311
 545  0.341  1.313
 546  0.341  1.316
 547  0.342  1.318
 548  0.343  1.320
 549  0.343  1.322
 550  0.344  1.325
 551  0.344  1.327
 552  0.345  1.329
 553  0.346  1.331
 554  0.346  1.333
 555  0.347  1.336
 556  0.348  1.338
 557  0.348  1.340
 558  0.349  1.342
 559  0.349  1.345
 560  0.350  1.347
 561  0.351  1.349
 562  0.351  1.351
 563  0.352  1.354
 564  0.352  1.356
 565  0.353  1.358
 566  0.354  1.360
 567  0.354  1.362
 568  0.355  1.365
 569  0.356  1.367
 570  0.356  1.369
 571  0.357  1.371
 572  0.357  1.374
 573  0.358  1.376
 574  0.359  1.378
 575  0.359  1.380
 576  0.360  1.382
 577  0.361  1.385
 578  0.361  1.387
 579  0.362  1.389
 580  0.362  1.391
 581  0.363  1.393
 582  0.364  1.396
 583  0.364  1.398
 584  0.365  1.400
 585  0.366  1.402
 586  0.366  1.404
 587  0.367  1.407
 588  0.367  1.409
 589  0.368  1.411
 590  0.369  1.413
 591  0.369  1.415
 592  0.370  1.418
 593  0.371  1.420
 594  0.371  1.422
 595  0.372  1.424
 596  0.372  1.426
 597  0.373  1.429
 598  0.374  1.431
 599  0.374  1.433
 600  0.375  1.435
 601  0.376  1.437
 602  0.376  1.440
 603  0.377  1.442
 604  0.378  1.444
 605  0.378  1.446
 606  0.379  1.448
 607  0.379  1.451
 608  0.380  1.453
 609  0.381  1.455
 610  0.381  1.457
 611  0.382  1.459
 612  0.383  1.461
 613  0.383  1.464
 614  0.384  1.466
 615  0.384  1.468
 616  0.385  1.470
 617  0.386  1.472
 618  0.386  1.475
 619  0.387  1.477
 620  0.388  1.479
 621  0.388  1.481
 622  0.389  1.483
 623  0.389  1.485
 624  0.390  1.488
 625  0.391  1.490
 626  0.391  1.492
 627  0.392  1.494
 628  0.393  1.496
 629  0.393  1.498
 630  0.394  1.501
 631  0.394  1.503
 632  0.395  1.505
 633  0.396  1.507
 634  0.396  1.509
 635  0.397  1.511
 636  0.398  1.514
 637  0.398  1.516
 638  0.399  1.518
 639  0.399  1.520
 640  0.400  1.522
 641  0.401  1.524
 642  0.401  1.527
 643  0.402  1.529
 644  0.403  1.531
 645  0.403  1.533
 646  0.404  1.535
 647  0.404  1.537
 648  0.405  1.539
 649  0.406  1.542
 650  0.406  1.544
 651  0.407  1.546
 652  0.408  1.548
 653  0.408  1.550
 654  0.409  1.552
 655  0.409  1.554
 656  0.410  1.557
 657  0.411  1.559
 658  0.411  1.561
 659  0.412  1.563
 660  0.413  1.565
 661  0.413  1.567
 662  0.414  1.569
 663  0.414  1.572
 664  0.415  1.574
 665  0.416  1.576
 666  0.416  1.578
 667  0.417  1.580
 668  0.417  1.582
 669  0.418  1.584
 670  0.419  1.586
 671  0.419  1.589
 672  0.420  1.591
 673  0.421  1.593
 674  0.421  1.595
 675  0.422  1.597
 676  0.422  1.599
 677  0.423  1.601
 678  0.424  1.603
 679  0.424  1.606
 680  0.425  1.608
 681  0.426  1.610
 682  0.426  1.612
 683  0.427  1.614
 684  0.427  1.616
 685  0.428  1.618
 686  0.429  1.620
 687  0.429  1.622
 688  0.430  1.625
 689  0.431  1.627
 690  0.431  1.629
 691  0.432  1.631
 692  0.432  1.633
 693  0.433  1.635
 694  0.434  1.637
 695  0.434  1.639
 696  0.435  1.641
 697  0.436  1.644
 698  0.436  1.646
 699  0.437  1.648
 700  0.438  1.650
 701  0.438  1.652
 702  0.439  1.654
 703  0.439  1.656
 704  0.440  1.658
 705  0.441  1.660
 706  0.441  1.662
 707  0.442  1.665
 708  0.443  1.667
 709  0.443  1.669
 710  0.444  1.671
 711  0.444  1.673
 712  0.445  1.675
 713  0.446  1.677
 714  0.446  1.679
 715  0.447  1.681
 716  0.448  1.683
 717  0.448  1.685
 718  0.449  1.687
 719  0.449  1.690
 720  0.450  1.692
 721  0.451  1.694
 722  0.451  1.696
 723  0.452  1.698
 724  0.453  1.700
 725  0.453  1.702
 726  0.454  1.704
 727  0.454  1.706
 728  0.455  1.708
 729  0.456  1.710
 730  0.456  1.712
 731  0.457  1.714
 732  0.458  1.717
 733  0.458  1.719
 734  0.459  1.721
 735  0.459  1.723
 736  0.460  1.725
 737  0.461  1.727
 738  0.461  1.729
 739  0.462  1.731
 740  0.463  1.733
 741  0.463  1.735
 742  0.464  1.737
 743  0.464  1.739
 744  0.465  1.741
 745  0.466  1.743
 746  0.466  1.745
 747  0.467  1.747
 748  0.468  1.749
 749  0.468  1.752
 750  0.469  1.754
 751  0.469  1.756
 752  0.470  1.758
 753  0.471  1.760
 754  0.471  1.762
 755  0.472  1.764
 756  0.473  1.766
 757  0.473  1.768
 758  0.474  1.770
 759  0.474  1.772
 760  0.475  1.774
 761  0.476  1.776
 762  0.476  1.778
 763  0.477  1.780
 764  0.478  1.782
 765  0.478  1.784
 766  0.479  1.786
 767  0.479  1.788
 768  0.480  1.790
 769  0.481  1.792
 770  0.481  1.794
 771  0.482  1.796
 772  0.482  1.798
 773  0.483  1.800
 774  0.484  1.802
 775  0.484  1.805
 776  0.485  1.807
 777  0.486  1.809
 778  0.486  1.811
 779  0.487  1.813
 780  0.487  1.815
 781  0.488  1.817
 782  0.489  1.819
 783  0.489  1.821
 784  0.490  1.823
 785  0.491  1.825
 786  0.491  1.827
 787  0.492  1.829
 788  0.492  1.831
 789  0.493  1.833
 790  0.494  1.835
 791  0.494  1.837
 792  0.495  1.839
 793  0.496  1.841
 794  0.496  1.843
 795  0.497  1.845
 796  0.497  1.847
 797  0.498  1.849
 798  0.499  1.851
 799  0.499  1.853
 800  0.500  1.855
 801  0.501  1.857
 802  0.501  1.859
 803  0.502  1.861
 804  0.503  1.863
 805  0.503  1.865
 806  0.504  1.867
 807  0.504  1.869
 808  0.505  1.871
 809  0.506  1.873
 810  0.506  1.875
 811  0.507  1.877
 812  0.508  1.879
 813  0.508  1.881
 814  0.509  1.883
 815  0.509  1.885
 816  0.510  1.887
 817  0.511  1.889
 818  0.511  1.891
 819  0.512  1.893
 820  0.512  1.895
 821  0.513  1.897
 822  0.514  1.899
 823  0.514  1.901
 824  0.515  1.903
 825  0.516  1.905
 826  0.516  1.907
 827  0.517  1.908
 828  0.517  1.910
 829  0.518  1.912
 830  0.519  1.914
 831  0.519  1.916
 832  0.520  1.918
 833  0.521  1.920
 834  0.521  1.922
 835  0.522  1.924
 836  0.522  1.926
 837  0.523  1.928
 838  0.524  1.930
 839  0.524  1.932
 840  0.525  1.934
 841  0.526  1.936
 842  0.526  1.938
 843  0.527  1.940
 844  0.527  1.942
 845  0.528  1.944
 846  0.529  1.946
 847  0.529  1.948
 848  0.530  1.950
 849  0.531  1.952
 850  0.531  1.954
 851  0.532  1.956
 852  0.532  1.958
 853  0.533  1.959
 854  0.534  1.961
 855  0.534  1.963
 856  0.535  1.965
 857  0.536  1.967
 858  0.536  1.969
 859  0.537  1.971
 860  0.537  1.973
 861  0.538  1.975
 862  0.539  1.977
 863  0.539  1.979
 864  0.540  1.981
 865  0.541  1.983
 866  0.541  1.985
 867  0.542  1.987
 868  0.542  1.989
 869  0.543  1.990
 870  0.544  1.992
 871  0.544  1.994
 872  0.545  1.996
 873  0.546  1.998
 874  0.546  2.000
 875  0.547  2.002
 876  0.547  2.004
 877  0.548  2.006
 878  0.549  2.008
 879  0.549  2.010
 880  0.550  2.012
 881  0.551  2.014
 882  0.551  2.016
 883  0.552  2.017
 884  0.552  2.019
 885  0.553  2.021
 886  0.554  2.023
 887  0.554  2.025
 888  0.555  2.027
 889  0.556  2.029
 890  0.556  2.031
 891  0.557  2.033
 892  0.557  2.035
 893  0.558  2.037
 894  0.559  2.038
 895  0.559  2.040
 896  0.560  2.042
 897  0.561  2.044
 898  0.561  2.046
 899  0.562  2.048
 900  0.562  2.050
 901  0.563  2.052
 902  0.564  2.054
 903  0.564  2.056
 904  0.565  2.057
 905  0.566  2.059
 906  0.566  2.061
 907  0.567  2.063
 908  0.568  2.065
 909  0.568  2.067
 910  0.569  2.069
 911  0.569  2.071
 912  0.570  2.073
 913  0.571  2.074
 914  0.571  2.076
 915  0.572  2.078
 916  0.573  2.080
 917  0.573  2.082
 918  0.574  2.084
 919  0.574  2.086
 920  0.575  2.088
 921  0.576  2.090
 922  0.576  2.091
 923  0.577  2.093
 924  0.578  2.095
 925  0.578  2.097
 926  0.579  2.099
 927  0.579  2.101
 928  0.580  2.103
 929  0.581  2.105
 930  0.581  2.106
 931  0.582  2.108
 932  0.583  2.110
 933  0.583  2.112
 934  0.584  2.114
 935  0.584  2.116
 936  0.585  2.118
 937  0.586  2.119
 938  0.586  2.121
 939  0.587  2.123
 940  0.588  2.125
 941  0.588  2.127
 942  0.589  2.129
 943  0.589  2.131
 944  0.590  2.132
 945  0.591  2.134
 946  0.591  2.136
 947  0.592  2.138
 948  0.593  2.140
 949  0.593  2.142
 950  0.594  2.144
 951  0.594  2.145
 952  0.595  2.147
 953  0.596  2.149
 954  0.596  2.151
 955  0.597  2.153
 956  0.598  2.155
 957  0.598  2.156
 958  0.599  2.158
 959  0.599  2.160
 960  0.600  2.162
 961  0.601  2.164
 962  0.601  2.166
 963  0.602  2.168
 964  0.603  2.169
 965  0.603  2.171
 966  0.604  2.173
 967  0.604  2.175
 968  0.605  2.177
 969  0.606  2.179
 970  0.606  2.180
 971  0.607  2.182
 972  0.608  2.184
 973  0.608  2.186
 974  0.609  2.188
 975  0.609  2.189
 976  0.610  2.191
 977  0.611  2.193
 978  0.611  2.195
 979  0.612  2.197
 980  0.613  2.199
 981  0.613  2.200
 982  0.614  2.202
 983  0.614  2.204
 984  0.615  2.206
 985  0.616  2.208
 986  0.616  2.209
 987  0.617  2.211
 988  0.618  2.213
 989  0.618  2.215
 990  0.619  2.217
 991  0.619  2.219
 992  0.620  2.220
 993  0.621  2.222
 994  0.621  2.224
 995  0.622  2.226
 996  0.623  2.228
 997  0.623  2.229
 998  0.624  2.231
 999  0.624  2.233
1000  0.625  2.235
1001  0.626  2.237
1002  0.626  2.238
1003  0.627  2.240
1004  0.628  2.242
1005  0.628  2.244
1006  0.629  2.246
1007  0.629  2.247
1008  0.630  2.249
1009  0.631  2.251
1010  0.631  2.253
1011  0.632  2.254
1012  0.633  2.256
1013  0.633  2.258
1014  0.634  2.260
1015  0.634  2.262
1016  0.635  2.263
1017  0.636  2.265
1018  0.636  2.267
1019  0.637  2.269
1020  0.638  2.271
1021  0.638  2.272
1022  0.639  2.274
1023  0.639  2.276
1024  0.640  2.278
1025  0.641  2.279
1026  0.641  2.281
1027  0.642  2.283
1028  0.642  2.285
1029  0.643  2.286
1030  0.644  2.288
1031  0.644  2.290
1032  0.645  2.292
1033  0.646  2.294
1034  0.646  2.295
1035  0.647  2.297
1036  0.647  2.299
1037  0.648  2.301
1038  0.649  2.302
1039  0.649  2.304
1040  0.650  2.306
1041  0.651  2.308
1042  0.651  2.309
1043  0.652  2.311
1044  0.652  2.313
1045  0.653  2.315
1046  0.654  2.316
1047  0.654  2.318
1048  0.655  2.320
1049  0.656  2.322
1050  0.656  2.323
1051  0.657  2.325
1052  0.657  2.327
1053  0.658  2.329
1054  0.659  2.330
1055  0.659  2.332
1056  0.660  2.334
1057  0.661  2.336
1058  0.661  2.337
1059  0.662  2.339
1060  0.662  2.341
1061  0.663  2.343
1062  0.664  2.344
1063  0.664  2.346
1064  0.665  2.348
1065  0.666  2.350
1066  0.666  2.351
1067  0.667  2.353
1068  0.667  2.355
1069  0.668  2.356
1070  0.669  2.358
1071  0.669  2.360
1072  0.670  2.362
1073  0.671  2.363
1074  0.671  2.365
1075  0.672  2.367
1076  0.672  2.369
1077  0.673  2.370
1078  0.674  2.372
1079  0.674  2.374
1080  0.675  2.375
1081  0.676  2.377
1082  0.676  2.379
1083  0.677  2.381
1084  0.677  2.382
1085  0.678  2.384
1086  0.679  2.386
1087  0.679  2.387
1088  0.680  2.389
1089  0.681  2.391
1090  0.681  2.393
1091  0.682  2.394
1092  0.682  2.396
1093  0.683  2.398
1094  0.684  2.399
1095  0.684  2.401
1096  0.685  2.403
1097  0.686  2.404
1098  0.686  2.406
1099  0.687  2.408
1100  0.688  2.410
1101  0.688  2.411
1102  0.689  2.413
1103  0.689  2.415
1104  0.690  2.416
1105  0.691  2.418
1106  0.691  2.420
1107  0.692  2.421
1108  0.693  2.423
1109  0.693  2.425
1110  0.694  2.426
1111  0.694  2.428
1112  0.695  2.430
1113  0.696  2.432
1114  0.696  2.433
1115  0.697  2.435
1116  0.698  2.437
1117  0.698  2.438
1118  0.699  2.440
1119  0.699  2.442
1120  0.700  2.443
1121  0.701  2.445
1122  0.701  2.447
1123  0.702  2.448
1124  0.703  2.450
1125  0.703  2.452
1126  0.704  2.453
1127  0.704  2.455
1128  0.705  2.457
1129  0.706  2.458
1130  0.706  2.460
1131  0.707  2.462
1132  0.708  2.463
1133  0.708  2.465
1134  0.709  2.467
1135  0.709  2.468
1136  0.710  2.470
1137  0.711  2.472
1138  0.711  2.473
1139  0.712  2.475
1140  0.713  2.477
1141  0.713  2.478
1142  0.714  2.480
1143  0.714  2.482
1144  0.715  2.483
1145  0.716  2.485
1146  0.716  2.487
1147  0.717  2.488
1148  0.718  2.490
1149  0.718  2.492
1150  0.719  2.493
1151  0.719  2.495
1152  0.720  2.497
1153  0.721  2.498
1154  0.721  2.500
1155  0.722  2.501
1156  0.723  2.503
1157  0.723  2.505
1158  0.724  2.506
1159  0.724  2.508
1160  0.725  2.510
1161  0.726  2.511
1162  0.726  2.513
1163  0.727  2.515
1164  0.728  2.516
1165  0.728  2.518
1166  0.729  2.519
1167  0.729  2.521
1168  0.730  2.523
1169  0.731  2.524
1170  0.731  2.526
1171  0.732  2.528
1172  0.733  2.529
1173  0.733  2.531
1174  0.734  2.533
1175  0.734  2.534
1176  0.735  2.536
1177  0.736  2.537
1178  0.736  2.539
1179  0.737  2.541
1180  0.738  2.542
1181  0.738  2.544
1182  0.739  2.545
1183  0.739  2.547
1184  0.740  2.549
1185  0.741  2.550
1186  0.741  2.552
1187  0.742  2.554
1188  0.743  2.555
1189  0.743  2.557
1190  0.744  2.558
1191  0.744  2.560
1192  0.745  2.562
1193  0.746  2.563
1194  0.746  2.565
1195  0.747  2.566
1196  0.748  2.568
1197  0.748  2.570
1198  0.749  2.571
1199  0.749  2.573
1200  0.750  2.574
1201  0.751  2.576
1202  0.751  2.578
1203  0.752  2.579
1204  0.753  2.581
1205  0.753  2.582
1206  0.754  2.584
1207  0.754  2.586
1208  0.755  2.587
1209  0.756  2.589
1210  0.756  2.590
1211  0.757  2.592
1212  0.758  2.594
1213  0.758  2.595
1214  0.759  2.597
1215  0.759  2.598
1216  0.760  2.600
1217  0.761  2.602
1218  0.761  2.603
1219  0.762  2.605
1220  0.763  2.606
1221  0.763  2.608
1222  0.764  2.609
1223  0.764  2.611
1224  0.765  2.613
1225  0.766  2.614
1226  0.766  2.616
1227  0.767  2.617
1228  0.768  2.619
1229  0.768  2.620
1230  0.769  2.622
1231  0.769  2.624
1232  0.770  2.625
1233  0.771  2.627
1234  0.771  2.628
1235  0.772  2.630
1236  0.772  2.631
1237  0.773  2.633
1238  0.774  2.635
1239  0.774  2.636
1240  0.775  2.638
1241  0.776  2.639
1242  0.776  2.641
1243  0.777  2.642
1244  0.777  2.644
1245  0.778  2.646
1246  0.779  2.647
1247  0.779  2.649
1248  0.780  2.650
1249  0.781  2.652
1250  0.781  2.653
1251  0.782  2.655
1252  0.782  2.656
1253  0.783  2.658
1254  0.784  2.659
1255  0.784  2.661
1256  0.785  2.663
1257  0.786  2.664
1258  0.786  2.666
1259  0.787  2.667
1260  0.787  2.669
1261  0.788  2.670
1262  0.789  2.672
1263  0.789  2.673
1264  0.790  2.675
1265  0.791  2.676
1266  0.791  2.678
1267  0.792  2.680
1268  0.792  2.681
1269  0.793  2.683
1270  0.794  2.684
1271  0.794  2.686
1272  0.795  2.687
1273  0.796  2.689
1274  0.796  2.690
1275  0.797  2.692
1276  0.797  2.693
1277  0.798  2.695
1278  0.799  2.696
1279  0.799  2.698
1280  0.800  2.699
1281  0.801  2.701
1282  0.801  2.702
1283  0.802  2.704
1284  0.802  2.706
1285  0.803  2.707
1286  0.804  2.709
1287  0.804  2.710
1288  0.805  2.712
1289  0.806  2.713
1290  0.806  2.715
1291  0.807  2.716
1292  0.807  2.718
1293  0.808  2.719
1294  0.809  2.721
1295  0.809  2.722
1296  0.810  2.724
1297  0.811  2.725
1298  0.811  2.727
1299  0.812  2.728
1300  0.812  2.730
1301  0.813  2.731
1302  0.814  2.733
1303  0.814  2.734
1304  0.815  2.736
1305  0.816  2.737
1306  0.816  2.739
1307  0.817  2.740
1308  0.818  2.742
1309  0.818  2.743
1310  0.819  2.745
1311  0.819  2.746
1312  0.820  2.748
1313  0.821  2.749
1314  0.821  2.751
1315  0.822  2.752
1316  0.823  2.754
1317  0.823  2.755
1318  0.824  2.757
1319  0.824  2.758
1320  0.825  2.760
1321  0.826  2.761
1322  0.826  2.763
1323  0.827  2.764
1324  0.828  2.766
1325  0.828  2.767
1326  0.829  2.769
1327  0.829  2.770
1328  0.830  2.772
1329  0.831  2.773
1330  0.831  2.775
1331  0.832  2.776
1332  0.833  2.777
1333  0.833  2.779
1334  0.834  2.780
1335  0.834  2.782
1336  0.835  2.783
1337  0.836  2.785
1338  0.836  2.786
1339  0.837  2.788
1340  0.838  2.789
1341  0.838  2.791
1342  0.839  2.792
1343  0.839  2.794
1344  0.840  2.795
1345  0.841  2.797
1346  0.841  2.798
1347  0.842  2.800
1348  0.843  2.801
1349  0.843  2.802
1350  0.844  2.804
1351  0.844  2.805
1352  0.845  2.807
1353  0.846  2.808
1354  0.846  2.810
1355  0.847  2.811
1356  0.848  2.813
1357  0.848  2.814
1358  0.849  2.816
1359  0.849  2.817
1360  0.850  2.819
1361  0.851  2.820
1362  0.851  2.821
1363  0.852  2.823
1364  0.853  2.824
1365  0.853  2.826
1366  0.854  2.827
1367  0.854  2.829
1368  0.855  2.830
1369  0.856  2.832
1370  0.856  2.833
1371  0.857  2.834
1372  0.858  2.836
1373  0.858  2.837
1374  0.859  2.839
1375  0.859  2.840
1376  0.860  2.842
1377  0.861  2.843
1378  0.861  2.844
1379  0.862  2.846
1380  0.863  2.847
1381  0.863  2.849
1382  0.864  2.850
1383  0.864  2.852
1384  0.865  2.853
1385  0.866  2.855
1386  0.866  2.856
1387  0.867  2.857
1388  0.868  2.859
1389  0.868  2.860
1390  0.869  2.862
1391  0.869  2.863
1392  0.870  2.865
1393  0.871  2.866
1394  0.871  2.867
1395  0.872  2.869
1396  0.873  2.870
1397  0.873  2.872
1398  0.874  2.873
1399  0.874  2.874
1400  0.875  2.876
1401  0.876  2.877
1402  0.876  2.879
1403  0.877  2.880
1404  0.878  2.882
1405  0.878  2.883
1406  0.879  2.884
1407  0.879  2.886
1408  0.880  2.887
1409  0.881  2.889
1410  0.881  2.890
1411  0.882  2.891
1412  0.883  2.893
1413  0.883  2.894
1414  0.884  2.896
1415  0.884  2.897
1416  0.885  2.898
1417  0.886  2.900
1418  0.886  2.901
1419  0.887  2.903
1420  0.888  2.904
1421  0.888  2.905
1422  0.889  2.907
1423  0.889  2.908
1424  0.890  2.910
1425  0.891  2.911
1426  0.891  2.912
1427  0.892  2.914
1428  0.893  2.915
1429  0.893  2.917
1430  0.894  2.918
1431  0.894  2.919
1432  0.895  2.921
1433  0.896  2.922
1434  0.896  2.924
1435  0.897  2.925
1436  0.897  2.926
1437  0.898  2.928
1438  0.899  2.929
1439  0.899  2.930
1440  0.900  2.932
1441  0.901  2.933
1442  0.901  2.935
1443  0.902  2.936
1444  0.902  2.937
1445  0.903  2.939
1446  0.904  2.940
1447  0.904  2.941
1448  0.905  2.943
1449  0.906  2.944
1450  0.906  2.946
1451  0.907  2.947
1452  0.907  2.948
1453  0.908  2.950
1454  0.909  2.951
1455  0.909  2.952
1456  0.910  2.954
1457  0.911  2.955
1458  0.911  2.957
1459  0.912  2.958
1460  0.912  2.959
1461  0.913  2.961
1462  0.914  2.962
1463  0.914  2.963
1464  0.915  2.965
1465  0.916  2.966
1466  0.916  2.967
1467  0.917  2.969
1468  0.917  2.970
1469  0.918  2.972
1470  0.919  2.973
1471  0.919  2.974
1472  0.920  2.976
1473  0.921  2.977
1474  0.921  2.978
1475  0.922  2.980
1476  0.922  2.981
1477  0.923  2.982
1478  0.924  2.984
1479  0.924  2.985
1480  0.925  2.986
1481  0.926  2.988
1482  0.926  2.989
1483  0.927  2.990
1484  0.927  2.992
1485  0.928  2.993
1486  0.929  2.994
1487  0.929  2.996
1488  0.930  2.997
1489  0.931  2.998
1490  0.931  3.000
1491  0.932  3.001
1492  0.932  3.003
1493  0.933  3.004
1494  0.934  3.005
1495  0.934  3.007
1496  0.935  3.008
1497  0.936  3.009
1498  0.936  3.011
1499  0.937  3.012
1500  0.938  3.013
1501  0.938  3.015
1502  0.939  3.016
1503  0.939  3.017
1504  0.940  3.019
1505  0.941  3.020
1506  0.941  3.021
1507  0.942  3.022
1508  0.943  3.024
1509  0.943  3.025
1510  0.944  3.026
1511  0.944  3.028
1512  0.945  3.029
1513  0.946  3.030
1514  0.946  3.032
1515  0.947  3.033
1516  0.948  3.034
1517  0.948  3.036
1518  0.949  3.037
1519  0.949  3.038
1520  0.950  3.040
1521  0.951  3.041
1522  0.951  3.042
1523  0.952  3.044
1524  0.953  3.045
1525  0.953  3.046
1526  0.954  3.048
1527  0.954  3.049
1528  0.955  3.050
1529  0.956  3.051
1530  0.956  3.053
1531  0.957  3.054
1532  0.958  3.055
1533  0.958  3.057
1534  0.959  3.058
1535  0.959  3.059
1536  0.960  3.061
1537  0.961  3.062
1538  0.961  3.063
1539  0.962  3.064
1540  0.963  3.066
1541  0.963  3.067
1542  0.964  3.068
1543  0.964  3.070
1544  0.965  3.071
1545  0.966  3.072
1546  0.966  3.074
1547  0.967  3.075
1548  0.968  3.076
1549  0.968  3.077
1550  0.969  3.079
1551  0.969  3.080
1552  0.970  3.081
1553  0.971  3.083
1554  0.971  3.084
1555  0.972  3.085
1556  0.973  3.086
1557  0.973  3.088
1558  0.974  3.089
1559  0.974  3.090
1560  0.975  3.092
1561  0.976  3.093
1562  0.976  3.094
1563  0.977  3.095
1564  0.978  3.097
1565  0.978  3.098
1566  0.979  3.099
1567  0.979  3.101
1568  0.980  3.102
1569  0.981  3.103
1570  0.981  3.104
1571  0.982  3.106
1572  0.983  3.107
1573  0.983  3.108
1574  0.984  3.109
1575  0.984  3.111
1576  0.985  3.112
1577  0.986  3.113
1578  0.986  3.115
1579  0.987  3.116
1580  0.988  3.117
1581  0.988  3.118
1582  0.989  3.120
1583  0.989  3.121
1584  0.990  3.122
1585  0.991  3.123
1586  0.991  3.125
1587  0.992  3.126
1588  0.993  3.127
1589  0.993  3.128
1590  0.994  3.130
1591  0.994  3.131
1592  0.995  3.132
1593  0.996  3.133
1594  0.996  3.135
1595  0.997  3.136
1596  0.998  3.137
1597  0.998  3.138
1598  0.999  3.140
1599  0.999  3.141
1600  1.000  3.142

Time taken: 0.00397900000000001 seconds